,address,code_district,code_suburb,dock_bikes,free_bases,id,light,name,no_available,number,reservations_count,total_bases,date_time,longitude,latitude,coordinates
0,"Calle María de las Mercedes de Borbón, 214,",16,166,11,11,2365,2,"262 - María de las Mercedes de Borbón, 214",0,262,0,23,2024-02-08 20:26:58,-3.620114,40.4928683,"(-3.620114, 40.4928683)"
1,"Calle María de las Mercedes de Borbón, 98,",16,166,8,15,2366,2,"611 - María de las Mercedes de Borbón, 98",0,611,0,23,2024-02-08 20:26:58,-3.6121068531215528,40.490908297996654,"(-3.6121068531215528, 40.490908297996654)"
2,"237- calle Francisco Balseiro,Comunidad de Madrid España",06,061,24,0,2362,1,237 -  calle Francisco Balseiro,0,237,0,24,2024-02-08 20:26:58,-3.7102736,40.4516819,"(-3.7102736, 40.4516819)"
3,"para borrar,",16,166,0,0,1404,3,0 - para borrar,1,0,0,0,2024-02-08 20:26:58,-3.62018,40.49291,"(-3.62018, 40.49291)"
4,"Calle Miguel Moya nº 1,",01,015,23,4,1406,1,2 - Miguel Moya,0,2,0,27,2024-02-08 20:26:58,-3.70569,40.4204,"(-3.70569, 40.4204)"
5,"Plaza del Conde del Valle de Súchil nº 3,",07,072,11,8,1407,2,3 - Plaza Conde Suchil,0,3,0,19,2024-02-08 20:26:58,-3.7072537,40.4303223,"(-3.7072537, 40.4303223)"
6,"Calle Manuela Malasaña nº 5,",01,015,8,19,1408,0,4 - Malasaña,0,4,0,27,2024-02-08 20:26:58,-3.7025,40.4286259,"(-3.7025, 40.4286259)"
7,"C. de Castiello de Jaca, 14,",08,086,5,18,2352,0,"603 - C. de Castiello de Jaca, 14",0,603,0,23,2024-02-08 20:26:58,-3.6782027,40.5091982,"(-3.6782027, 40.5091982)"
8,"c/ Valcarlos 20,Comunidad de Madrid España",08,086,3,24,2359,0,607 - Valcarlos 20,0,607,0,27,2024-02-08 20:26:58,-3.6641571,40.5051915,"(-3.6641571, 40.5051915)"
9,"Bardegueral 15,Comunidad de Madrid España",09,097,5,18,2360,0,610 - Bardegueral,0,610,0,23,2024-02-08 20:26:58,-3.7719097,40.4501721,"(-3.7719097, 40.4501721)"
10,"Calle Fuencarral nº 108,",01,014,9,18,1409,2,5 - Fuencarral,0,5,0,27,2024-02-08 20:26:58,-3.7021354,40.4285212,"(-3.7021354, 40.4285212)"
11,"Calle Hortaleza nº 63,",01,014,6,13,1410,0,6 - Colegio Arquitectos,0,6,0,19,2024-02-08 20:26:58,-3.698447,40.424148,"(-3.698447, 40.424148)"
12,"Calle Hortaleza nº 75,",01,014,6,13,1411,0,7 - Hortaleza,0,7,0,19,2024-02-08 20:26:58,-3.6977715,40.4251906,"(-3.6977715, 40.4251906)"
13,"Plaza de Alonso Martínez nº 5,",07,074,1,23,1412,0,8 - Alonso Martínez,0,8,0,24,2024-02-08 20:26:58,-3.6954403,40.4278682,"(-3.6954403, 40.4278682)"
14,"Plaza de San Miguel nº 9,",01,011,20,4,1413,1,9 - Plaza de San Miguel,0,9,0,24,2024-02-08 20:26:58,-3.7095084,40.4156057,"(-3.7095084, 40.4156057)"
15,"Calle Marqués de la Ensenada nº 16,",01,014,10,13,1414,2,10 - Marqués de la Ensenada,0,10,0,23,2024-02-08 20:26:58,-3.692104,40.425403,"(-3.692104, 40.425403)"
16,"Calle San Andrés nº 18,",01,015,2,21,1415,0,11 - San Andrés,0,11,0,23,2024-02-08 20:26:58,-3.7036,40.427,"(-3.7036, 40.427)"
17,"Calle San Bernardo nº 85,",01,015,24,3,1416,1,12 - San Hermenegildo,0,12,0,27,2024-02-08 20:26:58,-3.7061406,40.4284667,"(-3.7061406, 40.4284667)"
18,"Calle Conde Duque nº 22,",01,015,7,16,1417,0,13 - Conde Duque,0,13,0,23,2024-02-08 20:26:58,-3.7105,40.4273,"(-3.7105, 40.4273)"
19,"Ventura Rodriguez, 2,",09,092,9,18,1418,2,14 - Ventura Rodríguez,0,14,0,27,2024-02-08 20:26:58,-3.7133069,40.4260425,"(-3.7133069, 40.4260425)"
20,"Calle norte nº 8,",01,015,8,11,1419,2,15 - Norte,0,15,0,19,2024-02-08 20:26:58,-3.7074453,40.4262383,"(-3.7074453, 40.4262383)"
21,"Calle San Bernardo nº 22,",01,015,3,16,1420,0,16 - San Bernardo,0,16,0,19,2024-02-08 20:26:58,-3.7074808485065,40.4229374,"(-3.7074808485065, 40.4229374)"
22,"Plaza de Carlos Cambronero nº 2,",01,015,9,14,1421,2,17 - Carlos Cambronero,0,17,0,23,2024-02-08 20:26:58,-3.704166,40.423126,"(-3.704166, 40.423126)"
23,"Plaza de Pedro Zerolo nº 1,",01,014,3,21,1422,0,18 - Plaza de Pedro Zerolo,0,18,0,24,2024-02-08 20:26:58,-3.6996776,40.4209251,"(-3.6996776, 40.4209251)"
24,"Calle Prim nº 2,",01,014,10,18,1423,2,"19 - Calle Prim, 2",0,19,0,28,2024-02-08 20:26:58,-3.6954983,40.4218616,"(-3.6954983, 40.4218616)"
25,"Calle Alcalá nº 49,",01,013,18,9,1424,2,20a - Banco de España A,0,20a,0,27,2024-02-08 20:26:58,-3.6952465,40.4188076,"(-3.6952465, 40.4188076)"
26,"Calle Jacometrezo nº 3,",01,016,0,0,1425,3,22 - Jacometrezo,1,22,0,3,2024-02-08 20:26:58,-3.7065376,40.4200783,"(-3.7065376, 40.4200783)"
27,"Plaza de Santo Domingo nº 1,",01,011,9,15,1426,2,23 - Santo Domingo,0,23,0,24,2024-02-08 20:26:58,-3.708249,40.4202595,"(-3.708249, 40.4202595)"
28,"Calle Carlos III nº 1,",01,011,15,3,1427,1,24 - Palacio de Oriente,0,24,0,18,2024-02-08 20:26:58,-3.7106495,40.417767,"(-3.7106495, 40.417767)"
29,"Plaza de Celenque nº 1,",01,016,9,15,1428,2,25a - Plaza de Celenque A,0,25a,0,24,2024-02-08 20:26:58,-3.7057791,40.4173703,"(-3.7057791, 40.4173703)"
30,"Plaza de Celenque nº 1,",01,016,19,5,1429,1,25b - Plaza de Celenque B,0,25b,0,24,2024-02-08 20:26:58,-3.7058976,40.4173687,"(-3.7058976, 40.4173687)"
31,"Plaza de las Salesas 7,",01,014,20,7,1430,1,26 - Plaza de las Salesas,0,26,0,27,2024-02-08 20:26:58,-3.6945,40.4239,"(-3.6945, 40.4239)"
32,"Calle Jesús nº 1,",01,013,1,26,1431,0,27 - Huertas,0,27,0,27,2024-02-08 20:26:58,-3.6957,40.4133,"(-3.6957, 40.4133)"
33,"Calle Alcalá nº 27,",01,013,13,5,1432,1,28 - Sevilla,0,28,0,18,2024-02-08 20:26:58,-3.6984583,40.41806,"(-3.6984583, 40.41806)"
34,"Calle del Marqués de Cubas nº 25,",01,013,3,20,1433,0,29 - Marqués de Cubas,0,29,0,23,2024-02-08 20:26:58,-3.6957434,40.4163838,"(-3.6957434, 40.4163838)"
35,"Calle Pavía nº 6,",01,011,18,9,1434,2,30 - San Quintín,0,30,0,27,2024-02-08 20:26:58,-3.711504,40.4192095,"(-3.711504, 40.4192095)"
36,"Calle Mayor nº 20,",01,016,8,19,1435,0,31 - Calle Mayor,0,31,0,27,2024-02-08 20:26:58,-3.7068969,40.4163638,"(-3.7068969, 40.4163638)"
37,"Plaza de la Provincia nº 1,",01,016,7,11,1436,2,32 - Plaza de la Provincia,0,32,0,18,2024-02-08 20:26:58,-3.7061032,40.4150099,"(-3.7061032, 40.4150099)"
38,"Calle Carretas nº 8,",01,016,14,9,1437,2,33 - Carretas,0,33,0,23,2024-02-08 20:26:58,-3.7033305,40.4165873,"(-3.7033305, 40.4165873)"
39,"Plaza de Jacinto Benavente,",01,016,18,6,1438,1,34 - Jacinto Benavente,0,34,0,24,2024-02-08 20:26:58,-3.7036825,40.4146755,"(-3.7036825, 40.4146755)"
40,"Plaza del Cordón,",01,011,4,20,1439,0,35 - Plaza del Cordón,0,35,0,24,2024-02-08 20:26:58,-3.7103285,40.4141931,"(-3.7103285, 40.4141931)"
41,"Plaza de Ramales,",01,011,11,13,1440,2,36 - Plaza Ramales,0,36,0,24,2024-02-08 20:26:58,-3.71183,40.4168,"(-3.71183, 40.4168)"
42,"Plaza de San Francisco nº 5,",01,011,8,16,1441,2,37 - Plaza de San Francisco,0,37,0,24,2024-02-08 20:26:58,-3.714113,40.4108,"(-3.714113, 40.4108)"
43,"Carrera de San Francisco nº 1,",01,011,26,1,1442,1,38 - Plaza de los Carros,0,38,0,27,2024-02-08 20:26:58,-3.7115898,40.4113586,"(-3.7115898, 40.4113586)"
44,"Plaza de la Cebada nº 16 ,",01,011,27,2,1443,1,39 - Plaza de la Cebada,0,39,0,31,2024-02-08 20:26:58,-3.7088337,40.4112744,"(-3.7088337, 40.4112744)"
45,"Plaza del Conde de Romanones nº 9,",01,012,9,9,1444,2,40 - Conde de Romanones,0,40,0,18,2024-02-08 20:26:58,-3.7047949666162405,40.413778406369765,"(-3.7047949666162405, 40.413778406369765)"
46,"Calle Atocha nº 54,",01,012,7,12,1445,2,41 - Antón Martín,0,41,0,19,2024-02-08 20:26:58,-3.6991147,40.4122047,"(-3.6991147, 40.4122047)"
47,"Calle Santa Isabel 32,",01,012,13,14,1446,2,42 - Santa Isabel,0,42,0,27,2024-02-08 20:26:58,-3.6982922,40.4108488,"(-3.6982922, 40.4108488)"
48,"Calle Lavapiés nº 34,",01,012,3,15,1447,0,43 - Jesús y María,0,43,0,18,2024-02-08 20:26:58,-3.702471,40.4100387,"(-3.702471, 40.4100387)"
49,"Calle Mesón de Paredes nº 35,",01,012,17,2,1448,1,44 - Plaza de Nelson Mandela,0,44,0,19,2024-02-08 20:26:58,-3.7038640533106593,40.40979071254635,"(-3.7038640533106593, 40.40979071254635)"
50,"Glorieta de la Puerta de Toledo nº 1,",01,012,19,0,1449,1,45 - Puerta de Toledo,0,45,0,19,2024-02-08 20:26:58,-3.7111034,40.4068659,"(-3.7111034, 40.4068659)"
51,"Calle Ribera de Curtidores nº 28,",02,022,24,3,1450,1,46 - Ribera de Curtidores,0,46,0,27,2024-02-08 20:26:58,-3.7071259,40.4053153,"(-3.7071259, 40.4053153)"
52,"Glorieta de Embajadores nº 6,",02,022,7,17,1451,0,47 - Embajadores 1,0,47,0,24,2024-02-08 20:26:58,-3.7027998,40.4045772,"(-3.7027998, 40.4045772)"
53,"Glorieta de Embajadores nº 2,",01,012,12,12,1452,2,48 - Embajadores 2,0,48,0,24,2024-02-08 20:26:58,-3.7020566,40.4054815,"(-3.7020566, 40.4054815)"
54,"Ronda de Atocha nº 34,",01,012,23,4,1453,1,49 - Casa Encendida,0,49,0,27,2024-02-08 20:26:58,-3.6992774,40.4060533,"(-3.6992774, 40.4060533)"
55,"Avda de la Gran Vía de San Francisco, 9 ,",01,011,9,14,2308,2,"263 - Avda  Gran Vía de San Francisco ,  9",0,263,0,23,2024-02-08 20:26:58,-3.712793282384579,40.40833880815136,"(-3.712793282384579, 40.40833880815136)"
56," Calle Babilonia, 19,",21,215,17,6,2309,1,"559 - Calle Babilonia, 19",0,559,0,23,2024-02-08 20:26:58,-3.5882347,40.4675299,"(-3.5882347, 40.4675299)"
57,"Camino de Ganapanes, 40,",08,083,13,11,2311,2,"581 - Camino de Ganapanes, 40",0,581,0,24,2024-02-08 20:26:58,-3.7163093,40.4764797,"(-3.7163093, 40.4764797)"
58,"Calle San Modesto, 42,",08,086,6,18,2312,0,"598 - Calle San Modesto, 42",0,598,0,24,2024-02-08 20:26:58,-3.6923396,40.4858012,"(-3.6923396, 40.4858012)"
59,"Calle Escalona, 2,",10,104,17,10,2313,2,"341 - Calle Escalona, 2",0,341,0,27,2024-02-08 20:26:58,-3.76182259,40.39834576,"(-3.76182259, 40.39834576)"
60,"Avda del Padre Piquer s/n,",10,104,15,9,2314,2,346 - Avda del Padre Piquer,0,346,0,24,2024-02-08 20:26:58,-3.7664844,40.3907438,"(-3.7664844, 40.3907438)"
61,"Avda de las Aguilas, 27,",10,107,14,10,2315,2,"347 - Avda de las Aguilas, 27",0,347,0,24,2024-02-08 20:26:58,-3.768603,40.383554,"(-3.768603, 40.383554)"
62,"Calle Albelda, 6,",15,156,14,10,2316,2,"528 - Albelda, 6",0,528,0,24,2024-02-08 20:26:58,-3.6573666,40.4494225,"(-3.6573666, 40.4494225)"
63,"Paseo de la Venta, 1,",09,091,12,14,2317,2,"312 -  Paseo de la Venta, 1",0,312,0,27,2024-02-08 20:26:58,-3.7528559,40.4077495,"(-3.7528559, 40.4077495)"
64,"Carretera del ZOO, s/n (M. Casa Campo),",09,091,9,18,2318,2,"321 - Carretera del ZOO, s/n (M. Casa Campo)",0,321,0,27,2024-02-08 20:26:58,-3.761051,40.40316,"(-3.761051, 40.40316)"
65,"Calle de las Rosas de Aravaca, s/n,",09,097,9,14,2319,2,"310 - Calle de las Rosas de Aravaca, s/n",0,310,0,23,2024-02-08 20:26:58,-3.7845536,40.4490509,"(-3.7845536, 40.4490509)"
66,"311 - Calle del Profesor Aranguren, 1,",09,093,3,24,2320,0,"311 - Calle del Profesor Aranguren, 1",0,311,0,27,2024-02-08 20:26:58,-3.733574,40.448553,"(-3.733574, 40.448553)"
67,"Calle Felipe IV, 3,",03,035,9,14,2321,2,"283 - Calle Felipe IV, 3",0,283,0,23,2024-02-08 20:26:58,-3.6919057,40.4152082,"(-3.6919057, 40.4152082)"
68,"564 - Avda del Partenon, 16,",21,215,8,15,2322,2,"564 - Avda del Partenon, 16",0,564,0,23,2024-02-08 20:26:58,-3.613867,40.463861,"(-3.613867, 40.463861)"
69,"Calle Caños de San Pedro, 12,",19,191,14,9,2323,2,"468 - Calle Caños de San Pedro, 12",0,468,0,23,2024-02-08 20:26:58,-3.601920499999999,40.4029976,"(-3.601920499999999, 40.4029976)"
70,"465 - Cordel de Pavones, 48,",19,192,13,11,2324,2,"465 - Cordel de Pavones, 48",0,465,0,24,2024-02-08 20:26:58,-3.619645,40.397375,"(-3.619645, 40.397375)"
71,"414 -  Calle de Santa Petronila, 7,",17,174,7,17,2325,0,"414 -  Calle de Santa Petronila, 7",0,414,0,24,2024-02-08 20:26:58,-3.692163,40.350985,"(-3.692163, 40.350985)"
72,"Calle de la Oca, 20,",11,113,13,11,2326,2,"380. - 380 -  Calle de la Oca, 20",0,380.,0,24,2024-02-08 20:26:58,-3.7335492,40.3894333,"(-3.7335492, 40.3894333)"
73,"411 - Calle Domingo Párraga,",17,171,11,12,2327,2,411 - Calle Domingo Párraga,0,411,0,23,2024-02-08 20:26:58,-3.7118183,40.3417533,"(-3.7118183, 40.3417533)"
74,"Jacinto Verdaguer, 12,",11,112,23,1,2328,1,354 - Jacinto Verdaguer,0,354,0,24,2024-02-08 20:26:58,-3.7160526116262793,40.39593854704345,"(-3.7160526116262793, 40.39593854704345)"
75,"318 - Calle Santa Pola, 22,",09,091,17,6,2329,1,"318 - Calle Santa Pola, 22",0,318,0,23,2024-02-08 20:26:58,-3.7370276473602226,40.43205131007265,"(-3.7370276473602226, 40.43205131007265)"
76,"549 - Avd. Francisco PI y Maragall, 33,",16,166,4,15,2330,0,"549 - Avd. Francisco PI y Maragall, 33",0,549,0,19,2024-02-08 20:26:58,-3.6503544,40.4866354,"(-3.6503544, 40.4866354)"
77,"279 - Paseo de los Melancólicos, 1,",02,021,19,4,2331,1,"279 - Paseo de los Melancólicos, 1",0,279,0,23,2024-02-08 20:26:58,-3.7184816,40.4104448,"(-3.7184816, 40.4104448)"
78,"Calle Carmen de Burgos, 4,",17,174,15,8,2332,2,"407 - Calle Carmen de Burgos, 4",0,407,0,23,2024-02-08 20:26:58,-3.6847883,40.3575459,"(-3.6847883, 40.3575459)"
79,"Paseo de las Yeserías, 15,",02,022,0,23,2333,0,"276 - Paseo de las Yeserías, 15",0,276,0,23,2024-02-08 20:26:58,-3.7099166,40.39900539,"(-3.7099166, 40.39900539)"
80,"340 - Calle Illescas, 1C,",10,104,10,17,2334,2,"340 - Calle Illescas, 1C",0,340,0,27,2024-02-08 20:26:58,-3.7656976,40.3970983,"(-3.7656976, 40.3970983)"
81,"Calle Osa de la Vega, 25-103,",10,107,13,10,2335,2,"342 - Calle Osa de la Vega, 25-103",0,342,0,23,2024-02-08 20:26:58,-3.773381,40.374979,"(-3.773381, 40.374979)"
82,"381 - Alfredo Aleix, 7,",11,116,16,8,2337,2,"381 - Alfredo Aleix, 7",0,381,0,24,2024-02-08 20:26:58,-3.7553916,40.3684767,"(-3.7553916, 40.3684767)"
83,"444 - Calle de Valderrobollo, 18,",18,183,22,1,2339,1,"444 - Calle de Valderrebollo, 18",0,444,0,23,2024-02-08 20:26:58,-3.6276352,40.3743481,"(-3.6276352, 40.3743481)"
84,"Avda del Ensanche de Vallecas, 80,",18,183,3,24,2340,0,"448 - Avda del Ensanche de Vallecas, 80",0,448,0,27,2024-02-08 20:26:58,-3.599352,40.363376,"(-3.599352, 40.363376)"
85,"Calle de los Pinillas, 19,",19,192,19,8,2341,1,"472 - Calle de los Pinillas, 19",0,472,0,27,2024-02-08 20:26:58,-3.6211485,40.3987974,"(-3.6211485, 40.3987974)"
86,"473 - Calle de Vilablanca, frente  85,",19,191,21,6,2342,1,"473 - Calle de Villablanca, frente  85",0,473,0,27,2024-02-08 20:26:58,-3.59888007,40.40500033,"(-3.59888007, 40.40500033)"
87,"Calle San Cipriano, 124,",19,193,12,15,2343,2,"474 - Calle San Cipriano, 124",0,474,0,27,2024-02-08 20:26:58,-3.596875,40.402255,"(-3.596875, 40.402255)"
88,"541- Avda. Gran Vía de Hortaleza, 68,",16,163,3,20,2347,0,"541 - Avda. Gran Vía de Hortaleza, 68",0,541,0,23,2024-02-08 20:26:58,-3.6468591,40.4682706,"(-3.6468591, 40.4682706)"
89,"546 - Calle Andorra, 6,",16,163,8,15,2348,2,"546 - Calle Andorra, 6",0,546,0,23,2024-02-08 20:26:58,-3.6467519,40.4628976,"(-3.6467519, 40.4628976)"
90,"550 - Calle del Príncipe Carlos, 54,",16,166,6,17,2349,0,"550 - Calle del Príncipe Carlos, 54",0,550,0,23,2024-02-08 20:26:58,-3.656674,40.4941108,"(-3.656674, 40.4941108)"
91,"553 - Calle de María de Portugal, 24,",16,166,9,14,2350,2,"553 - Calle de María de Portugal, 24",0,553,0,23,2024-02-08 20:26:58,-3.658921,40.499909,"(-3.658921, 40.499909)"
92,"601 -  Estación  Cerc. Fuencarral-El Pardo, ,",08,086,8,15,2351,2,"601 -  Estación  Cerc. Fuencarral-El Pardo, ",0,601,0,23,2024-02-08 20:26:58,-3.6824687,40.5015588,"(-3.6824687, 40.5015588)"
93,"Calle Santa Isabel nº 57,",01,012,18,6,1454,1,50 - Museo Reina Sofía,0,50,0,24,2024-02-08 20:26:58,-3.6933463,40.4083684,"(-3.6933463, 40.4083684)"
94,"Ronda de Atocha nº 2,",01,012,19,8,1455,1,51 - Ronda de Atocha,0,51,0,27,2024-02-08 20:26:58,-3.6935205,40.4075606,"(-3.6935205, 40.4075606)"
95,"Plaza de Santa Ana nº 10,",01,013,7,8,1456,2,52 - Plaza de Santa Ana,0,52,0,15,2024-02-08 20:26:58,-3.7007164,40.4144226,"(-3.7007164, 40.4144226)"
96,"Calle Valencia nº 1,",01,012,23,1,1457,1,53 - Plaza de Lavapiés,0,53,0,24,2024-02-08 20:26:58,-3.700754126389314,40.40830870823806,"(-3.700754126389314, 40.40830870823806)"
97,"Calle Barceló nº 7,",01,014,15,4,1458,1,54 - Barceló,0,54,0,19,2024-02-08 20:26:58,-3.700392997553259,40.426599101766264,"(-3.700392997553259, 40.426599101766264)"
98,"Plaza de San Ildefonso,",01,015,22,2,1459,1,55 - Plaza de San Ildefonso,0,55,0,24,2024-02-08 20:26:58,-3.7020842,40.4239757,"(-3.7020842, 40.4239757)"
99,"Plaza del Carmen nº 1,",01,016,8,15,1460,2,56 - Plaza del Carmen ,0,56,0,23,2024-02-08 20:26:58,-3.7032414,40.4184192,"(-3.7032414, 40.4184192)"
100,"Calle Santa Cruz del Marcenado nº 24,",01,015,10,13,1461,2,57 - Santa Cruz del Marcenado,0,57,0,23,2024-02-08 20:26:58,-3.7126299,40.4295658,"(-3.7126299, 40.4295658)"
101,"Calle Augusto Figueroa nº 33,",01,014,5,22,1462,0,58 - Augusto Figueroa,0,58,0,27,2024-02-08 20:26:58,-3.6978583,40.4222783,"(-3.6978583, 40.4222783)"
102,"Calle Espíritu Santo nº 30,",01,015,5,14,1463,0,59 - Plaza de Juan Pujol,0,59,0,19,2024-02-08 20:26:58,-3.7043418,40.4255495,"(-3.7043418, 40.4255495)"
103,"Plaza de la Independencia nº 6,",03,035,14,9,1464,2,60 - Plaza de la Independencia,0,60,0,23,2024-02-08 20:26:58,-3.688398,40.419752,"(-3.688398, 40.419752)"
104,"Calle O'Donnell nº 28,",03,034,8,19,1465,0,61 - Narváez,0,61,0,27,2024-02-08 20:26:58,-3.6753139,40.4214551,"(-3.6753139, 40.4214551)"
105,"Calle O'Donnell nº 50,",03,034,20,7,1466,1,62 - O'Donnell,0,62,0,27,2024-02-08 20:26:58,-3.6724968,40.4213148,"(-3.6724968, 40.4213148)"
106,"Calle Ibiza nº 62,",03,034,17,6,1467,1,63 - Ibiza,0,63,0,23,2024-02-08 20:26:58,-3.6708959,40.4179237,"(-3.6708959, 40.4179237)"
107,"Calle Antonio Maura nº 15,",03,035,10,14,1468,2,65 - Antonio Maura,0,65,0,24,2024-02-08 20:26:58,-3.689424797942769,40.4167014469994,"(-3.689424797942769, 40.4167014469994)"
108,"Calle Almadén nº 28,",01,013,9,14,1469,2,67 - Almadén,0,67,0,23,2024-02-08 20:26:58,-3.693225,40.4108472,"(-3.693225, 40.4108472)"
109,"Calle Espalter nº 1,",03,035,4,15,1470,0,68 - Espalter,0,68,0,19,2024-02-08 20:26:58,-3.6913232,40.4127692,"(-3.6913232, 40.4127692)"
110,"Avenida de Alfonso XII nº 54,",03,035,11,16,1471,2,69 - Puerta del Ángel Caído,0,69,0,27,2024-02-08 20:26:58,-3.688822,40.409808,"(-3.688822, 40.409808)"
111,"Avenida de Menéndez Pelayo nº 63,",03,035,23,4,1472,1,70 - Puerta del Doce de Octubre,0,70,0,27,2024-02-08 20:26:58,-3.677872542327878,40.415382385574716,"(-3.677872542327878, 40.415382385574716)"
112,"Calle Doce de Octubre nº 28,",03,034,13,10,1473,2,71 - Doce de Octubre,0,71,0,23,2024-02-08 20:26:58,-3.6739,40.4161,"(-3.6739, 40.4161)"
113,"Calle Doctor Esquerdo nº 99,",03,036,21,2,1474,1,72 - Sainz de Baranda,0,72,0,23,2024-02-08 20:26:58,-3.6696,40.4159,"(-3.6696, 40.4159)"
114,"Avenida de Nazaret nº 7,",03,033,16,7,1475,2,73 - Plaza de los Astros,0,73,0,23,2024-02-08 20:26:58,-3.6687,40.4115,"(-3.6687, 40.4115)"
115,"Avenida de Menéndez Pelayo nº 69,",03,035,16,11,1476,2,74 - Puerta del Pacífico ,0,74,0,27,2024-02-08 20:26:58,-3.676588763788984,40.41206290978386,"(-3.676588763788984, 40.41206290978386)"
116,"Avenida de Menéndez Pelayo con calle Poeta Esteban Villegas,",03,035,14,13,1477,2,75 - Menéndez Pelayo,0,75,0,27,2024-02-08 20:26:58,-3.6784749,40.4082717,"(-3.6784749, 40.4082717)"
117,"Avenida del Mediterráneo nº 19,",03,036,16,8,1478,2,76 - Puerta de Mariano de Cavia,0,76,0,24,2024-02-08 20:26:58,-3.675102,40.407271,"(-3.675102, 40.407271)"
118,"Plaza del Conde de Casal nº 8,",03,031,16,2,1479,1,77 - Conde de Casal,0,77,0,18,2024-02-08 20:26:58,-3.6707132,40.4064784,"(-3.6707132, 40.4064784)"
119,"Calle Cerro de la Plata nº 2,",03,032,19,4,1480,1,78 - Pedro Bosch,0,78,0,23,2024-02-08 20:26:58,-3.6745240600494444,40.40063747422422,"(-3.6745240600494444, 40.40063747422422)"
120,"Avenida de Menéndez Pelayo nº 38,",03,031,18,9,1481,2,79 - Puerta de Granada,0,79,0,27,2024-02-08 20:26:58,-3.6804398243230696,40.405110193977585,"(-3.6804398243230696, 40.405110193977585)"
121,"Cuesta de Claudio Moyano,",03,035,20,4,1484,1,81 - Cuesta de Moyano,0,81,0,24,2024-02-08 20:26:58,-3.691833220071059,40.40934261188139,"(-3.691833220071059, 40.40934261188139)"
122,"Calle Doctor Esquerdo nº 161,",03,033,10,13,1485,2,82 - Niño Jesús,0,82,0,23,2024-02-08 20:26:58,-3.6697526,40.4084556,"(-3.6697526, 40.4084556)"
123,"Calle Pío Baroja nº 10,",03,036,5,18,1486,0,83 - Pío Baroja,0,83,0,23,2024-02-08 20:26:58,-3.6744795,40.4132995,"(-3.6744795, 40.4132995)"
124,"Calle Doctor Esquerdo nº 191,",03,032,8,15,1487,2,84 - Valderribas,0,84,0,23,2024-02-08 20:26:58,-3.672481575393678,40.40357156992851,"(-3.672481575393678, 40.40357156992851)"
125,"Avenida de Menéndez Pelayo, 9,",03,035,20,7,1488,1,85 - Puerta de Madrid,0,85,0,27,2024-02-08 20:26:58,-3.679891,40.4213143,"(-3.679891, 40.4213143)"
126,"Plaza Cibeles,",01,013,9,15,1489,2,86 - Cibeles,0,86,0,24,2024-02-08 20:26:58,-3.6933498,40.4186516,"(-3.6933498, 40.4186516)"
127,"Calle Ayala nº 44,",04,041,16,7,1490,2,87 - Ayala,0,87,0,23,2024-02-08 20:26:58,-3.6832566,40.427736,"(-3.6832566, 40.427736)"
128,"Calle Velázquez nº 75,",04,046,9,14,1491,2,88 - Embajada de Italia,0,88,0,23,2024-02-08 20:26:58,-3.6838303,40.4313576,"(-3.6838303, 40.4313576)"
129,"Calle Ayala nº 102,",04,042,4,19,1492,0,89 - Conde Peñalver,0,89,0,23,2024-02-08 20:26:58,-3.6752024,40.4272582,"(-3.6752024, 40.4272582)"
130,"Calle Goya nº 18,",04,041,13,14,1493,2,90 - Goya 18,0,90,0,27,2024-02-08 20:26:58,-3.6838416,40.4251493,"(-3.6838416, 40.4251493)"
131,"Calle Hermosilla nº 70,",04,042,19,4,1494,1,91 - Hermosilla,0,91,0,23,2024-02-08 20:26:58,-3.6786285,40.426049,"(-3.6786285, 40.426049)"
132,"Calle Claudio Coello nº 45,",04,041,11,12,1495,2,92 - Claudio Coello,0,92,0,23,2024-02-08 20:26:58,-3.6865463,40.4262945,"(-3.6865463, 40.4262945)"
133,"Calle Goya nº 1,",04,041,22,1,1496,1,93 - Plaza de Colón,0,93,0,23,2024-02-08 20:26:58,-3.6893361690338167,40.42575853342561,"(-3.6893361690338167, 40.42575853342561)"
134,"Paseo de Recoletos nº 20,",04,041,13,10,1497,2,94 - Biblioteca Nacional,0,94,0,23,2024-02-08 20:26:58,-3.690756,40.4232153,"(-3.690756, 40.4232153)"
135,"Calle Claudio Coello nº 19,",04,041,1,22,1498,0,95 - Villanueva,0,95,0,23,2024-02-08 20:26:58,-3.6869293,40.4225428,"(-3.6869293, 40.4225428)"
136,"Calle Alcalá nº 111,",04,041,13,14,1499,2,96 - Castelló,0,96,0,27,2024-02-08 20:26:58,-3.682204798770403,40.42201515498424,"(-3.682204798770403, 40.42201515498424)"
137,"Avenida de Menéndez Pelayo nº 3,",04,042,11,16,1500,2,97 - Alcalá,0,97,0,27,2024-02-08 20:26:58,-3.6802556,40.4225364,"(-3.6802556, 40.4225364)"
138,"Plaza de Felipe II,",04,042,15,9,1501,2,98 - Plaza de Felipe II,0,98,0,24,2024-02-08 20:26:58,-3.6757676,40.4241325,"(-3.6757676, 40.4241325)"
139,"Calle Alcántara nº 2,",04,042,12,11,1502,2,99 - Alcántara,0,99,0,23,2024-02-08 20:26:58,-3.6740178,40.4260391,"(-3.6740178, 40.4260391)"
140,"Calle Goya nº 99,",04,042,21,6,1503,1,100 - Palacio de Deportes,0,100,0,27,2024-02-08 20:26:58,-3.67384,40.42478,"(-3.67384, 40.42478)"
141,"Calle Jorge Juan nº 131,",04,042,15,9,1504,2,101 - Jorge Juan,0,101,0,24,2024-02-08 20:26:58,-3.6696804,40.4230771,"(-3.6696804, 40.4230771)"
142,"Calle Alcalá nº 95,",04,041,12,11,1505,2,102 - Velázquez,0,102,0,23,2024-02-08 20:26:58,-3.6842317,40.4211845,"(-3.6842317, 40.4211845)"
143,"Calle José Ortega y Gasset nº 4,",04,046,10,13,1506,2,103 - Ortega y Gasset,0,103,0,23,2024-02-08 20:26:58,-3.686744,40.43053,"(-3.686744, 40.43053)"
144,"Paseo de la Castellana nº 4,",04,041,12,11,1507,2,104 - Castellana,0,104,0,23,2024-02-08 20:26:58,-3.68958,40.42677,"(-3.68958, 40.42677)"
145,"Calle Serrano nº 54,",04,041,11,12,1508,2,105 - Serrano 54,0,105,0,23,2024-02-08 20:26:58,-3.6875418,40.4270832,"(-3.6875418, 40.4270832)"
146,"Calle Serrano nº 32,",04,041,16,3,1510,1,106b - Colón B,0,106b,0,19,2024-02-08 20:26:58,-3.68789,40.424776,"(-3.68789, 40.424776)"
147,"Calle Serrano nº 8,",04,041,16,7,1511,2,107 - Columela,0,107,0,23,2024-02-08 20:26:58,-3.6883841104507464,40.42156087297841,"(-3.6883841104507464, 40.42156087297841)"
148,"Calle Mártires Concepcionistas nº 2,",04,042,20,7,1512,1,108 - Mártires Concepcionistas,0,108,0,27,2024-02-08 20:26:58,-3.670652,40.427402,"(-3.670652, 40.427402)"
149,"Calle José Ortega y Gasset nº 30,",04,046,9,14,1513,2,109 - Marqués de Salamanca,0,109,0,23,2024-02-08 20:26:58,-3.6814521,40.4301245,"(-3.6814521, 40.4301245)"
150,"Paseo de Moret nº 2,",09,091,9,14,1514,2,110 - Moncloa,0,110,0,23,2024-02-08 20:26:58,-3.7201021,40.434745,"(-3.7201021, 40.434745)"
151,"Calle Arcipreste de Hita nº 10,",07,071,18,5,1515,1,111a - Arcipreste de Hita A,0,111a,0,23,2024-02-08 20:26:58,-3.7175248,40.4336027,"(-3.7175248, 40.4336027)"
152,"Calle Arcipreste de Hita nº 12,",07,071,8,15,1516,2,111b - Arcipreste de Hita B,0,111b,0,23,2024-02-08 20:26:58,-3.7177434,40.433913,"(-3.7177434, 40.433913)"
153,"Paseo de Moret nº 11,",09,092,10,13,1517,2,112 - Paseo de Moret,0,112,0,23,2024-02-08 20:26:58,-3.724736,40.4326901,"(-3.724736, 40.4326901)"
154,"Paseo del Pintor Rosales frente al nº 38,",09,091,6,18,1518,0,113 - Pintor Rosales,0,113,0,24,2024-02-08 20:26:58,-3.7207263,40.427538,"(-3.7207263, 40.427538)"
155,"Calle Quintana nº 13,",09,092,9,14,1519,2,114 - Quintana,0,114,0,23,2024-02-08 20:26:58,-3.7174631,40.4278379,"(-3.7174631, 40.4278379)"
156,"Calle Evaristo San Miguel nº 2,",09,092,6,17,1520,0,115 - Ferraz,0,115,0,23,2024-02-08 20:26:58,-3.7170515055225373,40.42531476841791,"(-3.7170515055225373, 40.42531476841791)"
157,"Plaza de España,",09,092,12,6,1521,2,116A - Plaza de España,0,116A,0,18,2024-02-08 20:26:58,-3.713043,40.423679,"(-3.713043, 40.423679)"
158,"Calle de los Reyes,",01,015,3,15,1522,0,116B - Calle Reyes 10,0,116B,0,18,2024-02-08 20:26:58,-3.71046,40.423684,"(-3.71046, 40.423684)"
159,"Calle Altamirano nº 24,",09,092,10,13,1523,2,117 - Altamirano,0,117,0,23,2024-02-08 20:26:58,-3.7188898,40.4309797,"(-3.7188898, 40.4309797)"
160,"Calle Juan Martín el Empecinado nº 16,",02,026,6,17,1524,0,118 - Juan Martín,0,118,0,23,2024-02-08 20:26:58,-3.6882407,40.400781,"(-3.6882407, 40.400781)"
161,"Calle Méndez Álvaro nº 11,",02,027,14,9,1525,2,119 - Méndez Álvaro,0,119,0,23,2024-02-08 20:26:58,-3.6862653,40.4012905,"(-3.6862653, 40.4012905)"
162,"Calle Palos de la Frontera nº 27,",02,026,24,3,1526,1,120 - Palos de la Frontera,0,120,0,27,2024-02-08 20:26:58,-3.6948251018524214,40.403090451430614,"(-3.6948251018524214, 40.403090451430614)"
163,"Paseo de Santa María de la Cabeza nº 58,",02,026,18,9,1527,2,121 - Santa María de la Cabeza,0,121,0,27,2024-02-08 20:26:58,-3.6986027,40.4017487,"(-3.6986027, 40.4017487)"
164,"Calle Santa Engracia nº 14,",07,074,12,11,1528,2,122 - Santa Engracia 14,0,122,0,23,2024-02-08 20:26:58,-3.6963659,40.4295362,"(-3.6963659, 40.4295362)"
165,"Calle Guzmán el Bueno nº 1,",07,071,18,9,1529,2,123 - Guzmán el Bueno,0,123,0,27,2024-02-08 20:26:58,-3.7133412,40.4306458,"(-3.7133412, 40.4306458)"
166,"Calle Manuel Silvela nº 20,",07,073,7,20,1530,0,124 - Manuel Silvela,0,124,0,27,2024-02-08 20:26:58,-3.6993695,40.430969,"(-3.6993695, 40.430969)"
167,"Calle Fernández de la Hoz nº 29,",07,074,0,27,1531,0,125 - General Martínez Campos ,0,125,0,27,2024-02-08 20:26:58,-3.6948,40.4353,"(-3.6948, 40.4353)"
168,"Calle del General Álvarez de Castro nº 1,",07,073,19,8,1532,1,126 - General Álvarez de Castro,0,126,0,27,2024-02-08 20:26:58,-3.7018044,40.4345976,"(-3.7018044, 40.4345976)"
169,"Calle Fernando el Católico nº 19,",07,072,17,10,1533,2,127 - Fernando el Católico,0,127,0,27,2024-02-08 20:26:58,-3.708439,40.4338516,"(-3.708439, 40.4338516)"
170,"Calle Cea Bermúdez nº 59,",07,076,10,17,1534,2,128 - Cea Bermúdez,0,128,0,27,2024-02-08 20:26:58,-3.7154,40.4392,"(-3.7154, 40.4392)"
171,"Calle José Abascal nº 33,",07,075,7,20,1535,0,129 - José Abascal,0,129,0,27,2024-02-08 20:26:58,-3.6982353,40.4383865,"(-3.6982353, 40.4383865)"
172,"Calle Santa Engracia nº 127,",07,075,17,6,1536,1,130 - Santa Engracia 127,0,130,0,23,2024-02-08 20:26:58,-3.70164,40.44156,"(-3.70164, 40.44156)"
173,"Calle Bravo Murillo nº 44,",07,075,6,17,1537,0,131 - Bravo Murillo 44,0,131,0,23,2024-02-08 20:26:58,-3.70403123,40.4417884,"(-3.70403123, 40.4417884)"
174,"Calle Santa Engracia nº 168,",07,075,15,12,1538,2,132 - Glorieta de los Cuatro Caminos,0,132,0,27,2024-02-08 20:26:58,-3.703605250412747,40.446377501314885,"(-3.703605250412747, 40.446377501314885)"
175,"Calle Raimundo Fernández Villaverde nº 33,",06,062,4,20,1539,0,133 - Raimundo Fernández,0,133,0,24,2024-02-08 20:26:58,-3.7001669,40.447125,"(-3.7001669, 40.447125)"
176,"Calle María de Guzmán nº 58,",07,075,4,19,1540,0,134 - Agustín de Betancourt,0,134,0,23,2024-02-08 20:26:58,-3.6955687,40.4441818,"(-3.6955687, 40.4441818)"
177,"Plaza de San Juan de la Cruz nº 11,",07,075,15,8,1541,2,135 - Plaza de San Juan de la Cruz,0,135,0,23,2024-02-08 20:26:58,-3.692734,40.441481,"(-3.692734, 40.441481)"
178,"Paseo de la Castellana nº 106,",05,051,10,13,1542,2,136 - Castellana 106,0,136,0,23,2024-02-08 20:26:58,-3.690769,40.4451244,"(-3.690769, 40.4451244)"
179,"Plaza de la República Argentina nº 6,",05,051,15,9,1543,2,137 - Plaza de la República Argentina,0,137,0,24,2024-02-08 20:26:58,-3.6853377,40.4454477,"(-3.6853377, 40.4454477)"
180,"Paseo de la Castellana esquina calle Raimundo Fernández Villaverde,",07,075,0,23,1544,0,138 - Paseo de la Castellana con Raimundo Fer,0,138,0,23,2024-02-08 20:26:58,-3.6914063,40.4457414,"(-3.6914063, 40.4457414)"
181,"Calle José Gutiérrez Abascal nº 2,",05,051,1,23,1545,0,"139 - Calle José Gutiérrez Abascal,2",0,139,0,24,2024-02-08 20:26:58,-3.690419307270818,40.43939562033124,"(-3.690419307270818, 40.43939562033124)"
182,"Calle Velázquez nº 130,",05,051,10,17,1546,2,140 - Velázquez 130,0,140,0,27,2024-02-08 20:26:58,-3.6830583,40.4387566,"(-3.6830583, 40.4387566)"
183,"Paseo de la Castellana nº 43,",07,074,4,8,1547,2,141 - Paseo de la Castellana - Glorieta de Em,0,141,0,12,2024-02-08 20:26:58,-3.6893917,40.4354047,"(-3.6893917, 40.4354047)"
184,"Paseo de la Castellana nº 42,",04,046,11,12,1548,2,142 - Castellana 42,0,142,0,23,2024-02-08 20:26:58,-3.6879154,40.4334087,"(-3.6879154, 40.4334087)"
185,"Calle General Pardiñas nº 56,",04,045,6,17,1549,0,186 - General Pardiñas,0,186,0,23,2024-02-08 20:26:58,-3.6783016,40.4289804,"(-3.6783016, 40.4289804)"
186,"Calle Juan Bravo nº 50,",04,045,5,22,1550,0,144 - Juan Bravo 50,0,144,0,27,2024-02-08 20:26:58,-3.675556,40.4324081,"(-3.675556, 40.4324081)"
187,"Calle Ortega y Gasset nº 87,",04,045,11,12,1551,2,145 - Ortega y Gasset 87,0,145,0,23,2024-02-08 20:26:58,-3.6712823,40.429887,"(-3.6712823, 40.429887)"
188,"Calle María Francisca nº 3,",05,051,10,9,1552,2,146 - María Francisca 1,0,146,0,19,2024-02-08 20:26:58,-3.6788499,40.4442541,"(-3.6788499, 40.4442541)"
189,"Avenida del Doctor Arce nº 45,",05,051,1,22,1553,0,147 - Doctor Arce 45,0,147,0,23,2024-02-08 20:26:58,-3.6794,40.4484,"(-3.6794, 40.4484)"
190,"Calle Serrano nº 210,",05,051,15,8,1554,2,148 - Serrano 210,0,148,0,23,2024-02-08 20:26:58,-3.6813971,40.451117,"(-3.6813971, 40.451117)"
191,"Paseo de la Habana nº 42,",05,051,12,11,1555,2,149 - Paseo de la Habana 42,0,149,0,23,2024-02-08 20:26:58,-3.6879303,40.4498515,"(-3.6879303, 40.4498515)"
192,"Calle Orense nº 12,",06,062,20,7,1557,1,151 - Orense 12,0,151,0,27,2024-02-08 20:26:58,-3.6953592650123657,40.44881224951987,"(-3.6953592650123657, 40.44881224951987)"
193,"Avenida del General Perón frente al nº 4,",06,062,10,13,1558,2,152 - General Perón 1,0,152,0,23,2024-02-08 20:26:58,-3.6989,40.4525,"(-3.6989, 40.4525)"
194,"Avenida del General Perón frente al nº 36,",06,062,2,21,1559,0,153 - General Perón con Poeta Joan Maragall,0,153,0,23,2024-02-08 20:26:58,-3.6936,40.4523,"(-3.6936, 40.4523)"
195,"Calle Orense nº 36,",06,062,18,6,1560,1,154 - Orense 36,0,154,0,24,2024-02-08 20:26:58,-3.6946218,40.4548456,"(-3.6946218, 40.4548456)"
196,"Calle San Germán nº 57,",06,062,7,16,1561,0,155 - San Germán 57,0,155,0,23,2024-02-08 20:26:58,-3.700930190178302,40.4573342300643,"(-3.700930190178302, 40.4573342300643)"
197,"Calle Sor Ángela de la Cruz nº 2,",06,063,5,19,1562,0,156 - Sor Ángela de la Cruz,0,156,0,24,2024-02-08 20:26:58,-3.691533,40.4592351,"(-3.691533, 40.4592351)"
198,"Avenida de Alberto Alcocer nº 22,",05,054,11,12,1564,2,158 - Alberto Alcocer,0,158,0,23,2024-02-08 20:26:58,-3.684625,40.45869,"(-3.684625, 40.45869)"
199,"Paseo de la Habana nº 63,",05,054,12,11,1565,2,159 - Paseo de la Habana 63,0,159,0,23,2024-02-08 20:26:58,-3.6835926,40.4543852,"(-3.6835926, 40.4543852)"
200,"Calle Colombia nº 7,",05,054,2,22,1566,0,160 - Colombia,0,160,0,24,2024-02-08 20:26:58,-3.6763439,40.4572466,"(-3.6763439, 40.4572466)"
201,"Paseo de la Florida nº 8,",09,091,19,8,1567,1,161 - Paseo de la Florida,0,161,0,27,2024-02-08 20:26:58,-3.7220993214090403,40.422192474165534,"(-3.7220993214090403, 40.422192474165534)"
202,"Paseo de los Olmos nº 28,",02,022,5,18,1568,0,162 - Metro Pirámides,0,162,0,23,2024-02-08 20:26:58,-3.7105765,40.4034968,"(-3.7105765, 40.4034968)"
203,"Paseo de la Esperanza nº 2,",02,022,15,4,1569,1,163 - Paseo de la Esperanza,0,163,0,19,2024-02-08 20:26:58,-3.706445,40.4037586,"(-3.706445, 40.4037586)"
204,"Paseo de las Delicias nº 94,",02,025,11,16,1570,2,164 - Paseo de las Delicias,0,164,0,27,2024-02-08 20:26:58,-3.69461,40.39723,"(-3.69461, 40.39723)"
205,"Paseo de la Chopera nº 14,",02,023,32,11,1571,1,165 - Entrada Matadero,0,165,0,43,2024-02-08 20:26:58,-3.697596,40.392888,"(-3.697596, 40.392888)"
206,"Calle Segovia nº 26,",01,011,24,3,1572,1,166 - Segovia 26,0,166,0,27,2024-02-08 20:26:58,-3.7133770233135133,40.41390473235381,"(-3.7133770233135133, 40.41390473235381)"
207,"Calle Segovia nº 45,",02,021,15,12,1573,2,167 - Segovia 45,0,167,0,27,2024-02-08 20:26:58,-3.71748917032373,40.41374770742206,"(-3.71748917032373, 40.41374770742206)"
208,"Paseo Santa María de la Cabeza nº 29,",02,026,12,11,1574,2,168 - Batalla del Salado,0,168,0,23,2024-02-08 20:26:58,-3.6959,40.4046,"(-3.6959, 40.4046)"
209,"Calle Toledo nº 181,",02,022,19,5,1575,1,169 - Pirámides,0,169,0,24,2024-02-08 20:26:58,-3.713823,40.401589,"(-3.713823, 40.401589)"
210,"Paseo de la Esperanza nº 21,",02,022,24,0,1576,1,170 - Paseo de la Esperanza,0,170,0,24,2024-02-08 20:26:58,-3.7043956,40.4010554,"(-3.7043956, 40.4010554)"
211,"Calle Embajadores nº 97,",02,025,18,9,1577,2,171 - Embajadores-Cáceres,0,171,0,27,2024-02-08 20:26:58,-3.6984023,40.3997013,"(-3.6984023, 40.3997013)"
212,"Calle Bustamante nº 1,",02,025,20,3,1578,1,172 - Delicias,0,172,0,23,2024-02-08 20:26:58,-3.6934926,40.4008279,"(-3.6934926, 40.4008279)"
213,"Paseo de la Esperanza nº 59,",02,022,20,4,1579,1,173 - Puente Praga,0,173,0,24,2024-02-08 20:26:58,-3.7024839,40.3983467,"(-3.7024839, 40.3983467)"
214,"Paseo de Yeserías nº 45,",02,022,14,13,1580,2,174 - Madrid Río-Yeserías,0,174,0,27,2024-02-08 20:26:58,-3.7065258846557603,40.39742958306358,"(-3.7065258846557603, 40.39742958306358)"
215,"Calle Jaime el Conquistador nº 30,",02,023,12,7,1581,2,175 - Jaime el Conquistador,0,175,0,19,2024-02-08 20:26:58,-3.69834452,40.3962264,"(-3.69834452, 40.3962264)"
216,"Calle Bolívar nº 3,",02,025,4,19,1583,0,177 - Legazpi,0,177,0,23,2024-02-08 20:26:58,-3.6941876374343896,40.391447085678806,"(-3.6941876374343896, 40.391447085678806)"
217,"Calle León Gil de Palacio nº 3,",03,031,12,12,1584,2,178 - Junta Municipal Retiro,0,178,0,24,2024-02-08 20:26:58,-3.6788343,40.4029202,"(-3.6788343, 40.4029202)"
218,"Avenida de la Albufera nº 6,",13,132,20,4,1585,1,179 - Puente de Vallecas,0,179,0,24,2024-02-08 20:26:58,-3.6692724,40.3979273,"(-3.6692724, 40.3979273)"
219,"Calle Retama nº 5,",02,027,9,14,1586,2,180 - Méndez Álvaro,0,180,0,23,2024-02-08 20:26:58,-3.67589,40.3940423,"(-3.67589, 40.3940423)"
220,"Calle Ibiza nº 18,",03,034,8,19,1587,0,181 - Retiro-Ibiza,0,181,0,27,2024-02-08 20:26:58,-3.676443540475469,40.41816932665331,"(-3.676443540475469, 40.41816932665331)"
221,"Calle Alcalde Sáinz de Baranda frente al nº 107,",03,033,9,14,1588,2,182 - Parque Roma,0,182,0,23,2024-02-08 20:26:58,-3.6657777,40.4186666,"(-3.6657777, 40.4186666)"
222,"Calle Hermosilla nº 135,",04,042,8,15,1589,2,183 - Doctor Esquerdo-Hermosilla,0,183,0,23,2024-02-08 20:26:58,-3.669339,40.425635,"(-3.669339, 40.425635)"
223,"Paseo Marqués de Zafra nº 24,",04,043,6,18,1590,0,184 - Marqués de Zafra,0,184,0,24,2024-02-08 20:26:58,-3.6653055,40.426,"(-3.6653055, 40.426)"
224,"Calle Sancho Dávila esquina Paseo Marqués de Zafra,",04,043,9,15,1591,2,185 - Quinta Fuente del Berro,0,185,0,24,2024-02-08 20:26:58,-3.6615277,40.4250833,"(-3.6615277, 40.4250833)"
225,"Calle Diego de Leon, 52,",04,045,4,19,1592,0,143 - Diego de Leon 52,0,143,0,23,2024-02-08 20:26:58,-3.6780802,40.434676,"(-3.6780802, 40.434676)"
226,"Calle Alejandro González nº 1,",04,043,12,11,1593,2,187 - Alcalá-Ventas,0,187,0,23,2024-02-08 20:26:58,-3.6638249,40.4301326,"(-3.6638249, 40.4301326)"
227,"Avenida de Daroca nº 2,",15,151,14,13,1594,2,188 - Puente de Ventas,0,188,0,27,2024-02-08 20:26:58,-3.6590286,40.4312562,"(-3.6590286, 40.4312562)"
228,"Calle Virgen de la Alegría nº 18,",15,154,6,17,1595,0,189 - Avenida Donostiarra,0,189,0,23,2024-02-08 20:26:58,-3.6554918,40.4351256,"(-3.6554918, 40.4351256)"
229,"Calle Velázquez nº 91,",04,046,18,5,1596,1,190 - Velázquez-Diego de León,0,190,0,23,2024-02-08 20:26:58,-3.6833753,40.4343053,"(-3.6833753, 40.4343053)"
230,"Calle Alonso Heredia nº 1,",04,044,11,8,1597,2,191 - Diego de león,0,191,0,19,2024-02-08 20:26:58,-3.6740777840614403,40.434569387142616,"(-3.6740777840614403, 40.434569387142616)"
231,"Avenida de los Toreros nº 3,",04,044,19,8,1598,1,192 - Avenida de los Toreros,0,192,0,27,2024-02-08 20:26:58,-3.6714677183853106,40.431826464468664,"(-3.6714677183853106, 40.431826464468664)"
232,"Avenida de los Toreros nº 49,",04,044,15,12,1599,2,193 - Ventas,0,193,0,27,2024-02-08 20:26:58,-3.6655555,40.4324722,"(-3.6655555, 40.4324722)"
233,"Calle Francisco Silvela nº 86,",04,044,6,18,1600,0,194 - Avenida de América 2,0,194,0,24,2024-02-08 20:26:58,-3.6771535,40.4372638,"(-3.6771535, 40.4372638)"
234,"Calle Padre Indalecio Hernández nº 1,",05,052,12,12,1601,2,195 - Avenida de América 1,0,195,0,24,2024-02-08 20:26:58,-3.6754444,40.4392222,"(-3.6754444, 40.4392222)"
235,"Calle Suero de Quiñones nº 3,",05,053,13,14,1602,2,196 - Prosperidad,0,196,0,27,2024-02-08 20:26:58,-3.6752218,40.4442237,"(-3.6752218, 40.4442237)"
236,"Avenida de Concha Espina nº 34,",05,051,4,19,1603,0,197 - Parque Berlín,0,197,0,23,2024-02-08 20:26:58,-3.677916,40.4516059,"(-3.677916, 40.4516059)"
237,"Castellana 33,",07,074,12,11,1604,2,198 - Castellana 33,0,198,0,23,2024-02-08 20:26:58,-3.6891,40.432,"(-3.6891, 40.432)"
238,"Calle Fernando el Católico nº 61,",07,071,11,16,1605,2,199 - Fernando el Católico,0,199,0,27,2024-02-08 20:26:58,-3.7149166,40.4343611,"(-3.7149166, 40.4343611)"
239,"Glorieta de Quevedo nº 5,",07,072,20,4,1606,1,200 - Quevedo,0,200,0,24,2024-02-08 20:26:58,-3.7045789811585417,40.43375360585919,"(-3.7045789811585417, 40.43375360585919)"
240,"Calle José Abascal frente al nº 2,",07,075,5,18,1607,0,201 - Canal,0,201,0,23,2024-02-08 20:26:58,-3.7038333,40.4386944,"(-3.7038333, 40.4386944)"
241,"Calle Santander esquina con Avenida de Filipinas,",07,076,17,10,1608,2,202 - Parque Santander,0,202,0,27,2024-02-08 20:26:58,-3.7083,40.4413,"(-3.7083, 40.4413)"
242,"Calle General Ampudia nº 2,",07,076,12,12,1609,2,203 - San Francisco de Sales,0,203,0,24,2024-02-08 20:26:58,-3.7144722,40.44175,"(-3.7144722, 40.44175)"
243,"Calle Doctor Santero nº 1,",06,061,16,7,1610,2,204 - Cuatro Caminos 2,0,204,0,23,2024-02-08 20:26:58,-3.7040397,40.4476488,"(-3.7040397, 40.4476488)"
244,"Calle Navarra nº 1,",06,061,1,22,1611,0,205 - Estrecho,0,205,0,23,2024-02-08 20:26:58,-3.7032777,40.4535,"(-3.7032777, 40.4535)"
245,"Calle Marqués de Viana nº 3,",06,066,18,5,1612,1,206 - Metro Tetuán,0,206,0,23,2024-02-08 20:26:58,-3.698915521426396,40.4607466894426,"(-3.698915521426396, 40.4607466894426)"
246,"Calle Azucenas nº 1,",06,065,11,8,1613,2,207 - Remonta,0,207,0,19,2024-02-08 20:26:58,-3.6973352,40.4630443,"(-3.6973352, 40.4630443)"
247,"Paseo de la Castellana nº 216,",05,056,1,17,1614,0,208 - Plaza de Castilla,0,208,0,18,2024-02-08 20:26:58,-3.6890611,40.4662811,"(-3.6890611, 40.4662811)"
248,"Paseo Castellana (Fundación Canal),",05,055,10,13,1615,2,209 - Plaza de Castilla 2,0,209,0,23,2024-02-08 20:26:58,-3.6887,40.4657,"(-3.6887, 40.4657)"
249,"Calle Tres Cruces nº 7,",01,016,7,20,1616,0,210 - Tres Cruces,0,210,0,27,2024-02-08 20:26:58,-3.7027164,40.4196518,"(-3.7027164, 40.4196518)"
250,"Calle Desengaño nº 1,",01,015,20,3,1617,1,211 - Desengaño,0,211,0,23,2024-02-08 20:26:58,-3.70239,40.42059,"(-3.70239, 40.42059)"
251,"Glorieta Marqués de Vadillo nº 9,",11,113,21,6,1618,1,212 - Marqués de Vadillo,0,212,0,27,2024-02-08 20:26:58,-3.716591,40.398247,"(-3.716591, 40.398247)"
252,"Calle Antonio López nº 129,",12,125,12,11,1619,2,213 - Glorieta de Cádiz,0,213,0,23,2024-02-08 20:26:58,-3.7002247,40.3889918,"(-3.7002247, 40.3889918)"
253,"Calle Condesa de Venadito nº 2,",15,155,0,24,1620,0,214 - Condesa de Venadito,0,214,0,24,2024-02-08 20:26:58,-3.6569031,40.4434316,"(-3.6569031, 40.4434316)"
254,"Calle Gutierre de Cetina nº 77,",15,152,7,16,1621,0,215 - Gutierre de Cetina,0,215,0,23,2024-02-08 20:26:58,-3.6408093,40.429588,"(-3.6408093, 40.429588)"
255,"Plaza Puerta del Ángel nº 4,",10,102,5,22,1622,0,216 - Puerta del Ángel,0,216,0,27,2024-02-08 20:26:58,-3.72897,40.4141,"(-3.72897, 40.4141)"
256,"Calle Pedro Rico nº 6,",08,085,12,11,1623,2,217 - Pedro Rico,0,217,0,23,2024-02-08 20:26:58,-3.6890758,40.480884,"(-3.6890758, 40.480884)"
257,"Calle Camino de los Vinateros nº 28,",14,144,12,11,1624,2,218 - Camino Vinateros,0,218,0,23,2024-02-08 20:26:58,-3.6572967,40.4105478,"(-3.6572967, 40.4105478)"
258,"Calle Camino de los Vinateros nº 108,",14,143,13,5,1625,1,219 - Marroquina,0,219,0,18,2024-02-08 20:26:58,-3.6467338,40.4083593,"(-3.6467338, 40.4083593)"
259,"Calle Arroyo de las Pilillas nº 6,",14,144,12,12,1626,2,220 - Plaza del Encuentro,0,220,0,24,2024-02-08 20:26:58,-3.651384,40.406156,"(-3.651384, 40.406156)"
260,"Calle Hacienda de Pavones nº 342,",14,141,14,9,1627,2,221 - Pavones,0,221,0,23,2024-02-08 20:26:58,-3.634744478732248,40.400492026660594,"(-3.634744478732248, 40.400492026660594)"
261,"Calle Eugenio Caxes frente al nº 12,",12,125,15,8,1628,2,222 - Antonio López,0,222,0,23,2024-02-08 20:26:58,-3.7026789,40.3917871,"(-3.7026789, 40.3917871)"
262,"Paseo de la Ermita del Santo nº 48,",10,101,16,11,1629,2,223 - Ermita Santo,0,223,0,27,2024-02-08 20:26:58,-3.724576,40.406448,"(-3.724576, 40.406448)"
263,"Calle Caramuel nº 51,",10,102,18,9,1630,2,224 - Caramuel,0,224,0,27,2024-02-08 20:26:58,-3.7287,40.409,"(-3.7287, 40.409)"
264,"Calle Sierra Toledana nº 33,",13,136,16,8,1631,2,225 - Doctor Lozano,0,225,0,24,2024-02-08 20:26:58,-3.660345,40.402506,"(-3.660345, 40.402506)"
265,"Camino de Valderribas nº 94,",13,136,14,9,1632,2,226 - Sierra Toledana,0,226,0,23,2024-02-08 20:26:58,-3.6607768678037744,40.39901531507069,"(-3.6607768678037744, 40.39901531507069)"
266,"Calle Arroyo del Olivar nº 6,",13,132,13,11,1633,2,227 - Concordia,0,227,0,24,2024-02-08 20:26:58,-3.6659362429356372,40.39382977920336,"(-3.6659362429356372, 40.39382977920336)"
267,"Calle San Delfín nº 9,",11,111,16,2,1634,1,228 - San Delfín,0,228,0,18,2024-02-08 20:26:58,-3.7080429728445563,40.39440607959559,"(-3.7080429728445563, 40.39440607959559)"
268,"Calle Jose del Hierro nº 5,",15,153,11,12,1635,2,229 - C.D. Concepción,0,229,0,23,2024-02-08 20:26:58,-3.6486508,40.4369378,"(-3.6486508, 40.4369378)"
269,"Calle Carlota O'Neill nº 32,",15,155,5,19,1636,0,230 - Carlota O’Neill,0,230,0,24,2024-02-08 20:26:58,-3.6488254,40.4436792,"(-3.6488254, 40.4436792)"
270,"Calle Derechos Humanos nº 12,",15,155,9,15,1637,2,231 - Derechos Humanos,0,231,0,24,2024-02-08 20:26:58,-3.6557193,40.4398283,"(-3.6557193, 40.4398283)"
271,"Calle José María de Pereda nº 1,",15,151,24,3,1638,1,232 - José María Pereda,0,232,0,27,2024-02-08 20:26:58,-3.6486169,40.4327663,"(-3.6486169, 40.4327663)"
272,"Avenida Marqués de Corbera nº 12,",15,151,20,4,1639,1,233 - Marqués de Corbera 12,0,233,0,24,2024-02-08 20:26:58,-3.6555789,40.4229522,"(-3.6555789, 40.4229522)"
273,"Avenida Marqués de Corbera nº 52,",15,151,4,20,1640,0,234 - Marqués de Corbera 52,0,234,0,24,2024-02-08 20:26:58,-3.6510917,40.4261278,"(-3.6510917, 40.4261278)"
274,"Calle Sodio nº 1B,",02,024,23,0,1641,1,235 - Embajadores 191,0,235,0,23,2024-02-08 20:26:58,-3.691076,40.389041,"(-3.691076, 40.389041)"
275,"Paseo Imperial nº 20,",02,021,9,18,1642,2,236 - Paseo Imperial,0,236,0,27,2024-02-08 20:26:58,-3.7170785,40.4075794,"(-3.7170785, 40.4075794)"
276,"Calle Francisco Balseiro nº 1,",06,061,0,0,1643,3,xxx - 237 - Pablo Iglesias,1,xxx,0,0,2024-02-08 20:26:58,-3.710525,40.451333,"(-3.710525, 40.451333)"
277,"Calle San Germán nº 5,",06,062,4,20,1644,0,238 - San Germán 5,0,238,0,24,2024-02-08 20:26:58,-3.6932611,40.4561825,"(-3.6932611, 40.4561825)"
278,"Calle Francos Rodríguez nº 62,",06,066,13,10,1645,2,239 - Francos Rodríguez,0,239,0,23,2024-02-08 20:26:58,-3.7078331,40.4567132,"(-3.7078331, 40.4567132)"
279,"Avenida de Brasilia frente al nº 9,",04,044,12,11,1646,2,240 - Avenida Brasilia,0,240,0,23,2024-02-08 20:26:58,-3.66096,40.43666,"(-3.66096, 40.43666)"
280,"Avenida de Camilo José Cela nº 23,",04,044,15,8,1647,2,241 - Camilo José Cela,0,241,0,23,2024-02-08 20:26:58,-3.66779,40.4378,"(-3.66779, 40.4378)"
281,"Avenida Bruselas nº 56,",04,044,13,10,1648,2,242 - Avenida Bruselas,0,242,0,23,2024-02-08 20:26:58,-3.662928,40.439513,"(-3.662928, 40.439513)"
282,"Calle Cartagena nº 34,",04,044,7,16,1649,0,243 - Cartagena,0,243,0,23,2024-02-08 20:26:58,-3.67012,40.43503,"(-3.67012, 40.43503)"
283,"Calle Isaac Peral nº 44,",07,076,9,14,1650,2,244 - Hospital Clínico,0,244,0,23,2024-02-08 20:26:58,-3.71757,40.44003,"(-3.71757, 40.44003)"
284,"Calle Galileo nº 63,",07,072,20,4,1651,1,245 - Galileo,0,245,0,24,2024-02-08 20:26:58,-3.7101381,40.4363637,"(-3.7101381, 40.4363637)"
285,"Calle Santa Engracia nº 87,",07,073,24,3,1652,1,246 - Santa Engracia 87,0,246,0,27,2024-02-08 20:26:58,-3.6992484724046637,40.43595788149785,"(-3.6992484724046637, 40.43595788149785)"
286,"Calle Zurbano nº 90,",07,075,9,14,1653,2,247 - Zurbano,0,247,0,23,2024-02-08 20:26:58,-3.69281,40.43837,"(-3.69281, 40.43837)"
287,"Calle Sinesio Delgado nº 2,",08,085,14,13,1654,2,248 - Torre Cepsa,0,248,0,27,2024-02-08 20:26:58,-3.6879973,40.4743209,"(-3.6879973, 40.4743209)"
288,"Paseo de la Castellana nº 298,",05,056,11,13,1655,2,249 - Manuel Caldeiro,0,249,0,24,2024-02-08 20:26:58,-3.6853186,40.4795018,"(-3.6853186, 40.4795018)"
289,"Calle Serrano nº 113B,",05,051,12,15,1656,2,250 - Serrano 113,0,250,0,27,2024-02-08 20:26:58,-3.6858096,40.4406491,"(-3.6858096, 40.4406491)"
290,"Calle Santa Hortensia nº 31,",05,052,12,11,1657,2,251 - Corazón de María,0,251,0,23,2024-02-08 20:26:58,-3.66683,40.44421,"(-3.66683, 40.44421)"
291,"Calle Rodríguez Jaén nº 40,",05,056,4,19,1658,0,252 - Chamartín,0,252,0,23,2024-02-08 20:26:58,-3.6839695,40.4717403,"(-3.6839695, 40.4717403)"
292,"Calle Doctor Fleming nº 7,",05,054,5,14,1659,0,253 - Doctor Fleming,0,253,0,19,2024-02-08 20:26:58,-3.68844,40.45546,"(-3.68844, 40.45546)"
293,"Avenida Pío XII nº 3,",05,055,8,15,1660,2,254 - Pío XII,0,254,0,23,2024-02-08 20:26:58,-3.67656,40.461,"(-3.67656, 40.461)"
294,"Calle General López Pozas nº 2,",05,055,10,13,1661,2,255 - López Pozas,0,255,0,23,2024-02-08 20:26:58,-3.685292,40.46361,"(-3.685292, 40.46361)"
295,"Calle Beatriz de Bobadilla frente al nº 2,",09,093,14,9,1662,2,256 - Reina Victoria,0,256,0,23,2024-02-08 20:26:58,-3.71383,40.44635,"(-3.71383, 40.44635)"
296,"Avenida Juan de Herrera frente a la calle Paul Guinard,",09,093,8,15,1663,2,257 - INEF,0,257,0,23,2024-02-08 20:26:58,-3.730527,40.438873,"(-3.730527, 40.438873)"
297,"Avenida de la Complutense (Metro Ciudad Universitaria),",09,093,11,13,1664,2,258 - Ciudad Universitaria 1,0,258,0,24,2024-02-08 20:26:58,-3.726939,40.444311,"(-3.726939, 40.444311)"
298,"Avenida de la Complutense (Metro Ciudad Universitaria),",09,093,1,18,1665,0,259 - Ciudad Universitaria 2,0,259,0,19,2024-02-08 20:26:58,-3.726752004160312,40.44270528449462,"(-3.726752004160312, 40.44270528449462)"
299,"Calle José Antonio Novais frente al nº 12,",09,093,11,13,1666,2,260 - Facultad Biología,0,260,0,24,2024-02-08 20:26:58,-3.7272945,40.4483322,"(-3.7272945, 40.4483322)"
300,"Avenida Complutense nº 23,",09,093,8,15,1667,2,261 - Facultad Derecho,0,261,0,23,2024-02-08 20:26:58,-3.7296756,40.4505516,"(-3.7296756, 40.4505516)"
301,"Amparo Usera , 46,",12,125,17,6,1951,1,"384 - Amparo Usera , 46",0,384,0,23,2024-02-08 20:26:58,-3.7061449,40.38707469,"(-3.7061449, 40.38707469)"
302,"Doctor Tolosa Latour, 7,",12,127,2,21,1952,0,"388 - Doctor Tolosa Latour, 7",0,388,0,23,2024-02-08 20:26:58,-3.70041478,40.37837955,"(-3.70041478, 40.37837955)"
303,"Calle Campotejar , 25,",12,122,16,7,1953,2,"385 - Calle Campotejar , 25",0,385,0,23,2024-02-08 20:26:58,-3.70388671,40.36721104,"(-3.70388671, 40.36721104)"
304,"Isabelita Usera, 44,",12,127,3,20,1954,0,"387 - Isabelita Usera, 44",0,387,0,23,2024-02-08 20:26:58,-3.70773972,40.38272256,"(-3.70773972, 40.38272256)"
305,"Avenida de la Perla, 35,",12,123,12,11,1955,2,"383 - Avenida de la Perla, 35",0,383,0,23,2024-02-08 20:26:58,-3.6939702,40.3700017,"(-3.6939702, 40.3700017)"
306,"Avenida de los Poblados, 130,",12,121,23,0,1956,1,"386 - Avenida de los Poblados, 130",0,386,0,23,2024-02-08 20:26:58,-3.71331521,40.37347443,"(-3.71331521, 40.37347443)"
307,"Avenida Ramon y Cajal, 101,",15,157,6,17,1957,0,"476 - Avenida Ramon y Cajal, 101",0,476,0,23,2024-02-08 20:26:58,-3.662016,40.453493,"(-3.662016, 40.453493)"
308,"Misterios,1,",15,153,17,6,1958,1,"477 - Misterios, 1",0,477,0,23,2024-02-08 20:26:58,-3.638904,40.438278,"(-3.638904, 40.438278)"
309,"Jose del Hierro , 69,",15,154,6,17,1959,0,"478 - Jose del Hierro , 69",0,478,0,23,2024-02-08 20:26:58,-3.6410572,40.44152084,"(-3.6410572, 40.44152084)"
310,"Angel Muñoz, 1,",15,156,10,17,1960,2,"479 - Angel Muñoz, 1",0,479,0,27,2024-02-08 20:26:58,-3.6558371312827975,40.45478362295884,"(-3.6558371312827975, 40.45478362295884)"
311,"Vicente Muzas, 12,",15,157,18,5,1961,1,"480 - Vicente Muzas, 12",0,480,0,23,2024-02-08 20:26:58,-3.66044255,40.45903315,"(-3.66044255, 40.45903315)"
312,"Diego Ayllon, 2,",15,156,4,19,1962,0,"481 - Diego Ayllon, 2",0,481,0,23,2024-02-08 20:26:58,-3.65219063,40.45117857,"(-3.65219063, 40.45117857)"
313,"Calle Velero (metro el capricho), 17,Comunidad de Madrid España",21,211,1,26,1963,0,"554 - Calle Velero (metro el capricho), 17",0,554,0,27,2024-02-08 20:26:58,-3.5941,40.453,"(-3.5941, 40.453)"
314,"Avenida Burgos, 17,",05,056,12,11,1964,2,"284 - Avenida Burgos, 17",0,284,0,23,2024-02-08 20:26:58,-3.6757900294303902,40.473593878889254,"(-3.6757900294303902, 40.473593878889254)"
315,"Campuzano, 1,",15,153,6,17,1965,0,"482 - Campuzano, 1",0,482,0,23,2024-02-08 20:26:58,-3.6424,40.4359,"(-3.6424, 40.4359)"
316,"Calle Marcelino Alvarez, 35,",15,151,23,0,1966,1,"483 - Calle Marcelino Alvarez, 35",0,483,0,23,2024-02-08 20:26:58,-3.6534324,40.4297428,"(-3.6534324, 40.4297428)"
317,"Calle Luis Campos, 3,",15,152,4,19,1967,0,"484 - Calle Luis Campos, 3",0,484,0,23,2024-02-08 20:26:58,-3.632389,40.42893071,"(-3.632389, 40.42893071)"
318,"Calle de la Carretera de Canillas, 40,",16,163,1,22,1968,0,"523 - Calle de la Carretera de Canillas, 40",0,523,0,23,2024-02-08 20:26:58,-3.65089253,40.4628701,"(-3.65089253, 40.4628701)"
319,"Calle Santa Maria Magdalena, 15,",05,055,15,8,1969,2,"285 - Calle Santa Maria Magdalena, 15",0,285,0,23,2024-02-08 20:26:58,-3.6706,40.4631,"(-3.6706, 40.4631)"
320,"Plaza Duque Pastrana, 1,",05,056,16,7,1970,2,286 - Plaza Duque Pastrana 1,0,286,0,23,2024-02-08 20:26:58,-3.6779,40.4679,"(-3.6779, 40.4679)"
321,"Calle de la Yuca, 1,",05,056,13,10,1971,2,"287 - Calle de la Yuca, 1",0,287,0,23,2024-02-08 20:26:58,-3.6762,40.4765,"(-3.6762, 40.4765)"
322,"Memorial 11 Marzo de 2004, 28,",05,055,8,15,1972,2,"288 - Memorial 11 Marzo de 2004, 28",0,288,0,23,2024-02-08 20:26:58,-3.6723,40.4664,"(-3.6723, 40.4664)"
323,"Glorieta Luis Rosales, sn,",16,164,8,15,1973,2,"524 - Glorieta Luis Rosales, sn",0,524,0,23,2024-02-08 20:26:58,-3.6543,40.4673,"(-3.6543, 40.4673)"
324,"Fuente Carrantona , 33,",14,143,19,8,1974,1,"460 - Fuente Carrantona , 33",0,460,0,27,2024-02-08 20:26:58,-3.63192261,40.4070216,"(-3.63192261, 40.4070216)"
325,"Luis de Hoyos Sainz, 198,",14,141,10,13,1975,2,455 - Luis de Hoyos Sainz  198,0,455,0,23,2024-02-08 20:26:58,-3.62927465,40.400094,"(-3.62927465, 40.400094)"
326,"Encomienda de Palacios, 8,",14,145,10,13,1976,2,"456 - Encomienda de Palacios, 8",0,456,0,23,2024-02-08 20:26:58,-3.6464,40.4005,"(-3.6464, 40.4005)"
327,"Calle Ramirez Tome, 31,",13,135,5,22,1977,0,"416 - Calle Ramirez Tome, 31",0,416,0,27,2024-02-08 20:26:58,-3.6459739361763055,40.38875618103898,"(-3.6459739361763055, 40.38875618103898)"
328,"Calle de Romeo y Julieta, 12,",13,133,19,8,1978,1,"417 - Calle de Romeo y Julieta, 12",0,417,0,27,2024-02-08 20:26:58,-3.66217563,40.37873799,"(-3.66217563, 40.37873799)"
329,"Calle Puerto de Arlaban, 83,",13,132,1,26,1979,0,"418 - Calle Puerto de Arlaban, 83",0,418,0,27,2024-02-08 20:26:58,-3.6675,40.3864,"(-3.6675, 40.3864)"
330,"Calle Cronos , 14,",20,201,20,7,1980,1,"496 - Calle Cronos , 14",0,496,0,27,2024-02-08 20:26:58,-3.6194333,40.4384695,"(-3.6194333, 40.4384695)"
331,"Hermanos Garcia Noblejas, 133,",20,204,12,11,1981,2,501 - Hermanos Garcia Noblejas 133,0,501,0,23,2024-02-08 20:26:58,-3.6242,40.4191,"(-3.6242, 40.4191)"
332,"Calle Alcalá, 546,",20,201,4,23,1982,0,"498 - Calle Alcala, 546",0,498,0,27,2024-02-08 20:26:58,-3.6178317,40.44313349999999,"(-3.6178317, 40.44313349999999)"
333,"Calle Alcala, 590,",20,207,15,8,1983,2,"499 - Calle Alcala, 590",0,499,0,23,2024-02-08 20:26:58,-3.6121996,40.4466561,"(-3.6121996, 40.4466561)"
334,"Calle Aracne, 17,",20,206,19,8,1984,1,"500 - Calle Aracne, 17",0,500,0,27,2024-02-08 20:26:58,-3.5895,40.445,"(-3.5895, 40.445)"
335,"Calle Alcalá, 506,",20,201,12,11,1985,2,"497 - Calle Alcala, 506",0,497,0,23,2024-02-08 20:26:58,-3.6274,40.4407,"(-3.6274, 40.4407)"
336,"Calle Puerto Serrano, 1,",02,024,21,2,1986,1,"265 - Calle Puerto Serrano, 1",0,265,0,23,2024-02-08 20:26:58,-3.688461,40.385412,"(-3.688461, 40.385412)"
337,"Calle Comandante Fontanes, 1,",11,113,12,11,1987,2,"351 - Calle Comandante Fontanes, 1",0,351,0,23,2024-02-08 20:26:58,-3.7211209,40.3951415,"(-3.7211209, 40.3951415)"
338,"Calle de Ervigio,",11,113,17,6,1988,1,350 - Calle de Ervigio,0,350,0,23,2024-02-08 20:26:58,-3.7315,40.3947,"(-3.7315, 40.3947)"
339,"Julio Merino, 5,",12,124,5,18,1989,0,"389 - Julio Merino, 5",0,389,0,23,2024-02-08 20:26:58,-3.7032,40.3831,"(-3.7032, 40.3831)"
340,"Calle de la Avena, 10,",12,126,19,4,1990,1,"390 - Calle de la Avena, 10",0,390,0,23,2024-02-08 20:26:58,-3.7159,40.3773,"(-3.7159, 40.3773)"
341,"Avenida de Cantabria, 6,",21,211,8,16,1991,2,"556 - Avenida de Cantabria, 6",0,556,0,24,2024-02-08 20:26:58,-3.58772201,40.45462514,"(-3.58772201, 40.45462514)"
342,"Paseo de la Alameda de Osuna, 48,",21,211,15,12,1992,2,"555 - Paseo de la Alameda de Osuna, 48",0,555,0,27,2024-02-08 20:26:58,-3.59812171,40.45476837,"(-3.59812171, 40.45476837)"
343,"Francisco Villaespesa, 39,",15,151,7,16,1993,0,485 - Francisco Villaespesa  39,0,485,0,23,2024-02-08 20:26:58,-3.6464629,40.4293263,"(-3.6464629, 40.4293263)"
344,"Calle Arzobispo Morcillo, 6,",08,085,14,13,1994,2,"570 - Calle Arzobispo Morcillo, 6",0,570,0,27,2024-02-08 20:26:58,-3.6938,40.4815,"(-3.6938, 40.4815)"
345,"Calle Hernani, 59,",06,062,10,13,1995,2,"295 - Calle Hernani, 59",0,295,0,23,2024-02-08 20:26:58,-3.6972,40.4481,"(-3.6972, 40.4481)"
346,"Calle de Costa Verde, 24,",06,064,11,12,1996,2,"296 - Calle de Costa Verde, 24",0,296,0,23,2024-02-08 20:26:58,-3.696862,40.469477,"(-3.696862, 40.469477)"
347,"Calle Simancas, 2,",06,064,4,19,1997,0,"297 - Calle Simancas, 2",0,297,0,23,2024-02-08 20:26:58,-3.69511298,40.4655,"(-3.69511298, 40.4655)"
348,"Calle Gallur, 5,",10,101,18,5,1998,1,"323 - Calle Gallur, 5",0,323,0,23,2024-02-08 20:26:58,-3.7359,40.3984,"(-3.7359, 40.3984)"
349,"Calle de las Higueras, 49,",10,103,14,9,1999,2,"324 - Calle de las Higueras, 49",0,324,0,23,2024-02-08 20:26:58,-3.745096152114864,40.40457132475174,"(-3.745096152114864, 40.40457132475174)"
350,"Hacienda de Pavones, 148,",14,145,5,18,2000,0,"457 - Hacienda de Pavones, 148",0,457,0,23,2024-02-08 20:26:58,-3.6419,40.4026,"(-3.6419, 40.4026)"
351,"Calle de la Maquinilla,",13,134,17,7,2001,1,432 - Calle de la Maquinilla,0,432,0,24,2024-02-08 20:26:58,-3.63648424,40.38078101,"(-3.63648424, 40.38078101)"
352,"Calle del Marques de Viana,89. Madrid ,",06,066,5,14,2002,0,298 - Calle del Marques de Viana,0,298,0,19,2024-02-08 20:26:58,-3.704478,40.463643,"(-3.704478, 40.463643)"
353,"C Sierra de Guadalupe, 11,",18,181,20,7,2003,1,"437 - C Sierra de Guadalupe, 11",0,437,0,27,2024-02-08 20:26:58,-3.62376457,40.38135158,"(-3.62376457, 40.38135158)"
354,"Calle de la Verdad, 14c,",11,112,20,3,2004,1,"358 - Calle de la Verdad, 14c",0,358,0,23,2024-02-08 20:26:58,-3.71716,40.391787,"(-3.71716, 40.391787)"
355,"Calle Algorta, 2,",11,113,13,10,2005,2,"352 - Calle Algorta, 2",0,352,0,23,2024-02-08 20:26:58,-3.72745169,40.39162261454714,"(-3.72745169, 40.39162261454714)"
356,"Fernando Gabriel , 5,",15,152,5,19,2006,0,"492 - Fernando Gabriel , 5",0,492,0,24,2024-02-08 20:26:58,-3.63949891,40.42466356,"(-3.63949891, 40.42466356)"
357,"Paseo de los Jesuitas  67,",10,102,10,17,2007,2,322 - Paseo de los Jesuitas  67,0,322,0,27,2024-02-08 20:26:58,-3.7351,40.408,"(-3.7351, 40.408)"
358,"Avenida Cordoba, 21,",12,124,21,2,2008,1,"392 - Avenida Cordoba, 21",0,392,0,23,2024-02-08 20:26:58,-3.697856,40.38268,"(-3.697856, 40.38268)"
359,"Calle de Candilejas, 5,",13,133,8,15,2009,2,"420 - Calle de Candilejas, 5",0,420,0,23,2024-02-08 20:26:58,-3.66300383,40.38263599,"(-3.66300383, 40.38263599)"
360,"Calle Puerto de Balbaran, 10,",13,133,19,8,2010,1,"419 - Calle Puerto de Balbaran, 10",0,419,0,27,2024-02-08 20:26:58,-3.655868,40.3762374,"(-3.655868, 40.3762374)"
361,"Calle de Cabeza Mesada, 5,",18,183,12,15,2011,2,"439 - Calle de Cabeza Mesada, 5",0,439,0,27,2024-02-08 20:26:58,-3.629413,40.37647902,"(-3.629413, 40.37647902)"
362,"Avenida de Orovilla, 53,",17,174,16,11,2012,2,"398 - Avenida de Orovilla, 53",0,398,0,27,2024-02-08 20:26:58,-3.6895,40.3587,"(-3.6895, 40.3587)"
363,"Avenida Monforte de Lemos, 17,",08,085,17,6,2013,1,"569 - Avenida Monforte de Lemos, 17",0,569,0,23,2024-02-08 20:26:58,-3.6965,40.4795,"(-3.6965, 40.4795)"
364,"Calle Melchor Fernandez Almagro, 80,",08,084,10,13,2014,2,"571 - Calle Melchor Fernandez Almagro, 80",0,571,0,23,2024-02-08 20:26:58,-3.710326199999999,40.4756475,"(-3.710326199999999, 40.4756475)"
365,"Calle Valle de Mena, 5,",09,094,10,13,2015,2,"304 - Calle Valle de Mena, 5",0,304,0,23,2024-02-08 20:26:58,-3.71527245,40.46962735,"(-3.71527245, 40.46962735)"
366,"Calle del Cobre (Metro Arganzuela Planetario),",02,025,20,3,2017,1,268 - Calle del Cobre (M. Planetario),0,268,0,23,2024-02-08 20:26:58,-3.689031463575172,40.39338327980599,"(-3.689031463575172, 40.39338327980599)"
367,"Paseo de la Florida, 37,",09,091,11,12,2019,2,"305 -  Paseo de la Florida, 37",0,305,0,23,2024-02-08 20:26:58,-3.72317757,40.42276114,"(-3.72317757, 40.42276114)"
368,"Calle Santo Ángel de la Guarda , 6,",09,094,8,15,2020,2,"306 - Calle Santo Ángel de la Guarda , 6",0,306,0,23,2024-02-08 20:26:58,-3.7121965,40.4617959,"(-3.7121965, 40.4617959)"
369,"Calle Serrano Galvache,",15,159,5,18,2021,0,486 - Calle Serrano Galvache,0,486,0,23,2024-02-08 20:26:58,-3.6679379,40.471382,"(-3.6679379, 40.471382)"
370,"Calle Puertollano,",20,208,18,5,2022,1,502  - Calle Puertollano,0,502,0,23,2024-02-08 20:26:58,-3.6237372,40.4425157,"(-3.6237372, 40.4425157)"
371,"Calle Gallegos,",19,191,19,8,2023,1,462 - Calle Gallegos,0,462,0,27,2024-02-08 20:26:58,-3.6102747,40.40240379,"(-3.6102747, 40.40240379)"
372,"Calle del Arroyo del Olivar, 63,",13,133,7,17,2024,0,"421 - Arroyo del Olivar, 63",0,421,0,24,2024-02-08 20:26:58,-3.653269,40.388435,"(-3.653269, 40.388435)"
373,"Calle Manuel Uribe, 1,",15,158,7,16,2025,0,"487 - Calle Manuel Uribe, 1",0,487,0,23,2024-02-08 20:26:58,-3.66503419,40.46434131,"(-3.66503419, 40.46434131)"
374,"422 - Travesia de Palomeras, 7,",13,132,9,15,2026,2,"422 - Travesia de Palomeras, 7",0,422,0,24,2024-02-08 20:26:58,-3.6705179,40.39017003,"(-3.6705179, 40.39017003)"
375,"Avenida de Entrevias, 56,",13,131,19,5,2027,1,"423 - Avenida de Entrevias, 56",0,423,0,24,2024-02-08 20:26:58,-3.66855013,40.38138801,"(-3.66855013, 40.38138801)"
376,"Camino de Valderribas, 47,",13,136,19,5,2028,1,"424 - Camino de Valderribas, 47",0,424,0,24,2024-02-08 20:26:58,-3.663958,40.4002231,"(-3.663958, 40.4002231)"
377,"Calle Ramon Perez de Ayala, 45,",13,136,15,9,2029,2,"425 - Calle Ramon Perez de Ayala, 45",0,425,0,24,2024-02-08 20:26:58,-3.65381017,40.40003472,"(-3.65381017, 40.40003472)"
378,"Calle Humanes, 3,",13,135,6,18,2030,0,"426 - Calle Humanes, 3",0,426,0,24,2024-02-08 20:26:58,-3.64932678,40.3952121,"(-3.64932678, 40.3952121)"
379,"Calle de los Andaluces, 2,",13,134,14,10,2031,2,"427 - Calle de los Andaluces, 2",0,427,0,24,2024-02-08 20:26:58,-3.64148304,40.3914244,"(-3.64148304, 40.3914244)"
380,"Avenida de la Albufera,",13,133,13,11,2032,2,"428 - Avenida de la Albufera, 136",0,428,0,24,2024-02-08 20:26:58,-3.6571,40.3919,"(-3.6571, 40.3919)"
381,"Manuel Noya , 29,",12,125,12,12,2033,2,"393 - Manuel Noya , 29",0,393,0,24,2024-02-08 20:26:58,-3.7117979,40.3853787,"(-3.7117979, 40.3853787)"
382,"Serrano Galvache, 56,",15,159,4,20,2034,0,"489 - Serrano Galvache, 56",0,489,0,24,2024-02-08 20:26:58,-3.67144504,40.47675257,"(-3.67144504, 40.47675257)"
383,"Hermanos Garcia Noblejas, 158,",15,152,12,12,2035,2,"490 - Hermanos Garcia Noblejas, 158",0,490,0,24,2024-02-08 20:26:58,-3.62888094,40.42427523,"(-3.62888094, 40.42427523)"
384,"Calle Ricardo Ortiz, 33,",15,151,17,7,2036,1,"488 - Calle Ricardo Ortiz, 33",0,488,0,24,2024-02-08 20:26:58,-3.65796439,40.42657032,"(-3.65796439, 40.42657032)"
385,"Calle de Bacares, 20,",16,165,3,21,2037,0,"525 - Calle de Bacares, 20",0,525,0,24,2024-02-08 20:26:58,-3.66269029,40.47675499,"(-3.66269029, 40.47675499)"
386,"Calle de San Roman del Valle, 20,",20,204,14,10,2038,2,"504 - Calle de San Roman del Valle, 20",0,504,0,24,2024-02-08 20:26:58,-3.623466935545257,40.42309928573645,"(-3.623466935545257, 40.42309928573645)"
387,"Calle Zaldivar,",20,201,7,17,2039,0,503 - Calle Zaldivar,0,503,0,24,2024-02-08 20:26:58,-3.62650373,40.43209033,"(-3.62650373, 40.43209033)"
388,"Arroyo Bueno, 53,",17,171,14,13,2040,2,"404 -  Arroyo Bueno, 53",0,404,0,27,2024-02-08 20:26:58,-3.710985,40.349111,"(-3.710985, 40.349111)"
389,"Calle Mercedes Arteaga, 21,",11,112,7,17,2041,0,"353 - Calle Mercedes Arteaga, 21",0,353,0,24,2024-02-08 20:26:58,-3.722217570475459,40.39251608002938,"(-3.722217570475459, 40.39251608002938)"
390,"Calle de la Via,",11,112,22,2,2042,1,"355 - Calle de la Via, 52",0,355,0,24,2024-02-08 20:26:58,-3.7182338,40.3854641,"(-3.7182338, 40.3854641)"
391,"Calle Francisco de Tejada, 1,",10,102,3,21,2043,0,"326 - Calle Francisco de Tejada, 1",0,326,0,24,2024-02-08 20:26:58,-3.739615781020349,40.40937950320982,"(-3.739615781020349, 40.40937950320982)"
392,"Calle El Greco, 27,",10,103,11,13,2044,2,"327 - Calle El Greco, 27",0,327,0,24,2024-02-08 20:26:58,-3.74726153,40.40741199,"(-3.74726153, 40.40741199)"
393,"Calle del Arroyo Belincoso, 26,",14,143,13,11,2045,2,"458 - Calle del Arroyo Belincoso, 26",0,458,0,24,2024-02-08 20:26:58,-3.65256604,40.40991083,"(-3.65256604, 40.40991083)"
394,"Avenida Moratalaz, 25,",14,144,4,20,2046,0,"459 - Avenida Moratalaz, 25",0,459,0,24,2024-02-08 20:26:58,-3.66000272,40.40750626,"(-3.66000272, 40.40750626)"
395,"Corregidor licenciado Antonio de Mena, sn,",14,143,9,15,2047,2,"461 - Corregidor Ldo. Antonio de Mena, sn",0,461,0,24,2024-02-08 20:26:58,-3.6408,40.4099,"(-3.6408, 40.4099)"
396,"Calle Portalegre, 7,",11,112,19,5,2048,1,"356 - Calle Portalegre, 7",0,356,0,24,2024-02-08 20:26:58,-3.72364769,40.38937686,"(-3.72364769, 40.38937686)"
397,"Avenida Monforte de Lemos, 123,",08,084,7,17,2049,0,"572 - Avenida Monforte de Lemos, 123",0,572,0,24,2024-02-08 20:26:58,-3.70997335,40.47810429,"(-3.70997335, 40.47810429)"
398,"Calle Melchor Fernandez Almagro, 16,",08,085,9,15,2050,2,"573 - Calle Melchor Fernandez Almagro, 16",0,573,0,24,2024-02-08 20:26:58,-3.69962571,40.47772776,"(-3.69962571, 40.47772776)"
399,"Ginzo de Limia, 36,",08,085,10,14,2051,2,575 - Ginzo de Limia  36,0,575,0,24,2024-02-08 20:26:58,-3.703526,40.47817,"(-3.703526, 40.47817)"
400,"Calle Chantada, 2,",08,084,16,8,2052,2,"574 - Chantada, 2",0,574,0,24,2024-02-08 20:26:58,-3.710678,40.472695,"(-3.710678, 40.472695)"
401,"Paseo de Federico Garcia Lorca, 4,",18,181,10,8,2053,2,"440 - Paseo de Federico Garcia Lorca, 4",0,440,0,18,2024-02-08 20:26:58,-3.62144691,40.3795035,"(-3.62144691, 40.3795035)"
402,"Calle Seis, sn,",20,206,11,13,2054,2,"507 - Calle Seis, sn",0,507,0,24,2024-02-08 20:26:58,-3.59650295,40.44845033,"(-3.59650295, 40.44845033)"
403,"Calle Rosario Pino,",06,063,2,22,2055,0,299 - Calle Rosario Pino,0,299,0,24,2024-02-08 20:26:58,-3.69193246,40.46204955,"(-3.69193246, 40.46204955)"
404,"Calle Capitan Blanco Argibay,",06,065,7,17,2056,0,300 - Capitan Blanco Argibay,0,300,0,24,2024-02-08 20:26:58,-3.7031882,40.4667435,"(-3.7031882, 40.4667435)"
405,"Calle Muller,",06,065,7,17,2057,0,301 - Muller,0,301,0,24,2024-02-08 20:26:58,-3.69837565,40.46518187,"(-3.69837565, 40.46518187)"
406,"Gran Avenida, 27,",12,121,23,1,2059,1,"396 - Gran Avenida, 27",0,396,0,24,2024-02-08 20:26:58,-3.70760649,40.36997711,"(-3.70760649, 40.36997711)"
407,"Periana, 24,",12,123,6,18,2060,0,"394 - Periana, 24",0,394,0,24,2024-02-08 20:26:58,-3.68765805,40.36672327,"(-3.68765805, 40.36672327)"
408,"Calle de Moreja, 30,",12,122,21,3,2061,1,"397 - Calle de Moreja, 30",0,397,0,24,2024-02-08 20:26:58,-3.69838038,40.36809336,"(-3.69838038, 40.36809336)"
409,"Calle de Bohemios, 1,",17,175,7,17,2062,0,"399 - Calle de Bohemios, 1",0,399,0,24,2024-02-08 20:26:58,-3.693901,40.356536,"(-3.693901, 40.356536)"
410,"Calle de Torremolinos, 2,",13,134,7,17,2063,0,"430 - Calle de Torremolinos, 2",0,430,0,24,2024-02-08 20:26:58,-3.64178999,40.38500948,"(-3.64178999, 40.38500948)"
411,"Calle Ariel, 7,",02,024,6,18,2064,0,"269 - Calle Ariel, 7",0,269,0,24,2024-02-08 20:26:58,-3.67970176633988,40.393023802369754,"(-3.67970176633988, 40.393023802369754)"
412,"Calle Esteban Collantes 63,",15,152,4,20,2065,0,491 - Esteban Collantes 63,0,491,0,24,2024-02-08 20:26:58,-3.637663,40.432883,"(-3.637663, 40.432883)"
413,"Calle de Velacho Alto, 2,",16,165,9,15,2066,2,"527 - Calle de Velacho Alto, 2",0,527,0,24,2024-02-08 20:26:58,-3.65926884,40.47250314,"(-3.65926884, 40.47250314)"
414,"Plaza del Liceo,",16,163,8,16,2067,2,526 - Plaza del Liceo,0,526,0,24,2024-02-08 20:26:58,-3.64441924,40.45754368,"(-3.64441924, 40.45754368)"
415,"Puerto del Canfranc, 18,",13,136,3,21,2068,0,"431 - Puerto del Canfranc, 18",0,431,0,24,2024-02-08 20:26:58,-3.6634,40.3969,"(-3.6634, 40.3969)"
416,"Calle de Carlos Martin Alvarez, 38,",13,133,5,18,2069,0,"429 - Calle de Carlos Martin Alvarez, 38",0,429,0,23,2024-02-08 20:26:58,-3.6635,40.3895,"(-3.6635, 40.3895)"
417,"Calle del Sorbe , 20,",11,111,13,11,2070,2,"357 - Calle del Sorbe , 20",0,357,0,24,2024-02-08 20:26:58,-3.71320917,40.3898701,"(-3.71320917, 40.3898701)"
418,"Calle Teresa López Valcárcel esq. Teniente Coronel Noreña,",02,024,12,12,2071,2,270 - Calle Teresa López Valcárcel,0,270,0,24,2024-02-08 20:26:58,-3.69328771,40.38862908,"(-3.69328771, 40.38862908)"
419,"Arturo Soria, 312,",15,159,1,22,2072,0,"493. - 493 -Arturo Soria, 312",0,493.,0,23,2024-02-08 20:26:58,-3.6684167,40.47636724,"(-3.6684167, 40.47636724)"
420,"Calle de Villalobos, 28,",13,134,16,8,2073,2,"433 - Calle de Villalobos, 28",0,433,0,24,2024-02-08 20:26:58,-3.65076037,40.38161669,"(-3.65076037, 40.38161669)"
421,"Calle de Alan Turing,",13,134,15,8,2074,2,436 - Calle de Alan Turing,0,436,0,23,2024-02-08 20:26:58,-3.62713659,40.3901675,"(-3.62713659, 40.3901675)"
422,"Calle Charleroi,",13,134,18,6,2075,1,434 - Calle Charleroi,0,434,0,24,2024-02-08 20:26:58,-3.63219372,40.38191654,"(-3.63219372, 40.38191654)"
423,"Calle Albarracin, sn,",20,201,3,21,2076,0,"506 - Calle Albarracin, s/n",0,506,0,24,2024-02-08 20:26:58,-3.63251641,40.43397327,"(-3.63251641, 40.43397327)"
424,"Calle Castillo de Ucles, 37,",20,201,19,5,2077,1,"505 - Calle Castillo de Ucles, 37",0,505,0,24,2024-02-08 20:26:58,-3.62306578,40.4315255,"(-3.62306578, 40.4315255)"
425,"Calle San Claudio, 154,",13,134,9,15,2078,2,"435 - Calle San Claudio, 154",0,435,0,24,2024-02-08 20:26:58,-3.63953994,40.38902883,"(-3.63953994, 40.38902883)"
426,"Calle Alcala  (acera de tránsito peatonal),",20,207,0,0,2079,3,508 - Alcala  (acera de tránsito peatonal),1,508,0,0,2024-02-08 20:26:58,-3.60960104,40.44910362,"(-3.60960104, 40.44910362)"
427,"Paseo de la Dirección, frente 297,",06,065,13,11,2080,2,"302 - Paseo de la Dirección ,frente 297",0,302,0,24,2024-02-08 20:26:58,-3.703955,40.4702445774,"(-3.703955, 40.4702445774)"
428,"Calle Casalarreina,",19,191,2,22,2081,0,463 - Calle Casalarreina 18,0,463,0,24,2024-02-08 20:26:58,-3.6123187980524585,40.40939089860396,"(-3.6123187980524585, 40.40939089860396)"
429,"Avenida de Daroca 321,",19,191,17,7,2082,1,"464 - Avenida de Daroca, 321",0,464,0,24,2024-02-08 20:26:58,-3.61283416,40.40634029,"(-3.61283416, 40.40634029)"
430,"Paseo de los Gigantes y Cabezudos, 4,",17,175,12,12,2083,2,"400 - Paseo de los Gigantes y Cabezudos, 4",0,400,0,24,2024-02-08 20:26:58,-3.69399661,40.36064659,"(-3.69399661, 40.36064659)"
431,"Calle San Restituto, 74,",09,094,8,16,2084,2,"307 - Calle San Restituto, 74",0,307,0,24,2024-02-08 20:26:58,-3.71693008,40.46588016,"(-3.71693008, 40.46588016)"
432,"Paseo de la Dirección, 161,",06,065,3,21,2085,0,"303 - Paseo de la Dirección, 161",0,303,0,24,2024-02-08 20:26:58,-3.7080850848120273,40.46778929738312,"(-3.7080850848120273, 40.46778929738312)"
433,"Avenida El Ferrol, 18,",08,084,8,16,2086,2,"576 - Avenida El Ferrol, 18",0,576,0,24,2024-02-08 20:26:58,-3.70510525,40.47431313,"(-3.70510525, 40.47431313)"
434,"577 - Calle Monforte de Lemos, 103,",08,084,13,11,2087,2,"577 - Calle Monforte de Lemos, 103",0,577,0,24,2024-02-08 20:26:58,-3.70566914,40.47899993,"(-3.70566914, 40.47899993)"
435,"Calle Ofelia Nieto, 75,",09,094,10,14,2088,2,"309 - Calle Ofelia Nieto, 75",0,309,0,24,2024-02-08 20:26:58,-3.708734,40.462051,"(-3.708734, 40.462051)"
436,"Calle de María Auxiladora 1,",09,093,3,21,2089,0,308 - María Auxiliadora 1,0,308,0,24,2024-02-08 20:26:58,-3.71346147,40.45772941,"(-3.71346147, 40.45772941)"
437,"Avenida de Guadalajara, 101,",20,204,14,10,2090,2,"510 - Avenida de Guadalajara, 101",0,510,0,24,2024-02-08 20:26:58,-3.61346199,40.42218968,"(-3.61346199, 40.42218968)"
438,"Calle Aquitania, 31,",20,204,17,10,2091,2,511 - Aquitania 31,0,511,0,27,2024-02-08 20:26:58,-3.61726728,40.41912347,"(-3.61726728, 40.41912347)"
439,"Calle de los Aparejadores, 24,",20,204,7,17,2092,0,"512 - Calle de los Aparejadores, 24",0,512,0,24,2024-02-08 20:26:58,-3.61537023,40.42667885,"(-3.61537023, 40.42667885)"
440,"Avenida de Niza, 9,",20,205,15,12,2093,2,"513 - Avenida de Niza, 9",0,513,0,27,2024-02-08 20:26:58,-3.60645414,40.4271211,"(-3.60645414, 40.4271211)"
441,"Calle Maria Sevilla Diago, 3,",20,205,15,9,2094,2,"514 - Maria Sevilla Diago, 3",0,514,0,24,2024-02-08 20:26:58,-3.61095077,40.43283006,"(-3.61095077, 40.43283006)"
442,"Avenida de Hellin, 13,",20,202,7,17,2095,0,"515 - Avenida de Hellin, 13",0,515,0,24,2024-02-08 20:26:58,-3.61579967,40.43091667,"(-3.61579967, 40.43091667)"
443,"Calle de El Toboso, 115,",11,113,6,17,2096,0,"359 - Calle de El Toboso, 115",0,359,0,23,2024-02-08 20:26:58,-3.7363397,40.3929901,"(-3.7363397, 40.3929901)"
444,"Avenida Nuestra Señora de Fatima, 34,",11,114,15,8,2097,2,"360 - Avda. Nuestra Señora de Fatima, 34",0,360,0,23,2024-02-08 20:26:58,-3.7470882,40.3840155,"(-3.7470882, 40.3840155)"
445,"Avenida de Abrantes, 108,",11,117,12,11,2098,2,"361 - Avenida de Abrantess, 108",0,361,0,23,2024-02-08 20:26:58,-3.73266666,40.37734672,"(-3.73266666, 40.37734672)"
446,"Avenida de Santa Eugenia, 9,",18,182,10,14,2099,2,"441 - Avenida de Santa Eugenia, 9",0,441,0,24,2024-02-08 20:26:58,-3.60948153,40.38600753,"(-3.60948153, 40.38600753)"
447,"Avenida del Mediterraneo, sn,",18,182,16,11,2100,2,"442 - Avenida del Mediterraneo, sn",0,442,0,27,2024-02-08 20:26:58,-3.60463,40.38305936,"(-3.60463, 40.38305936)"
448,"Calle Fuentespina, 33,",18,182,13,11,2101,2,"443 - Calle Fuentespina, 33",0,443,0,24,2024-02-08 20:26:58,-3.60724755,40.37941487,"(-3.60724755, 40.37941487)"
449,"Calle Hilario Herránz Establos , 36,",11,116,21,6,2102,1,362 - Hilario Herranz Establos 36,0,362,0,27,2024-02-08 20:26:58,-3.726638,40.372839,"(-3.726638, 40.372839)"
450,"Calle Rioja, 13,",21,211,1,23,2103,0,"557 - Calle Rioja, 13",0,557,0,24,2024-02-08 20:26:58,-3.58815143,40.45746674,"(-3.58815143, 40.45746674)"
451,"Francisco Suarez, 28,",05,055,8,15,2104,2,"290 - Francisco Suarez, 28",0,290,0,23,2024-02-08 20:26:58,-3.67994416,40.46437817,"(-3.67994416, 40.46437817)"
452,"Calle de López de Hoyos, 478,",16,164,9,14,2105,2,"529 - Lopez de Hoyos , 478",0,529,0,23,2024-02-08 20:26:58,-3.649843,40.47175,"(-3.649843, 40.47175)"
453,"Calle de los Emigrantes, 15,",16,163,8,19,2106,0,"530 - Calle de los Emigrantes, 15",0,530,0,27,2024-02-08 20:26:58,-3.63788349,40.4685745,"(-3.63788349, 40.4685745)"
454,"Calle de Santa Virgilia, 6,",16,164,9,14,2107,2,"531 - Calle de Santa Virgilia, 6",0,531,0,23,2024-02-08 20:26:58,-3.6450741,40.4768782,"(-3.6450741, 40.4768782)"
455,"Avenida Barranquilla, 17,",16,164,19,5,2108,1,"532 - Avenida Barranquilla, 17",0,532,0,24,2024-02-08 20:26:58,-3.6395164,40.47490194,"(-3.6395164, 40.47490194)"
456,"Avenida de San Luis, 23,",16,164,7,16,2109,0,"533 - Avenida de San Luis, 23",0,533,0,23,2024-02-08 20:26:58,-3.65511455,40.47148748,"(-3.65511455, 40.47148748)"
457,"Calle Serrano nº 32,",04,041,8,11,2110,2,106 a - 106a- Colón A,0,106 a,0,19,2024-02-08 20:26:58,-3.687807,40.424924,"(-3.687807, 40.424924)"
458,"Calle de la Isla Graciosa, 2,",08,086,15,9,2111,2,"582 -  Isla Graciosa, 2",0,582,0,24,2024-02-08 20:26:58,-3.6862657,40.49262243,"(-3.6862657, 40.49262243)"
459,"Calle de Angel Mugica, 3,",08,086,4,20,2112,0,"583 - Calle de Angel Mugica, 3",0,583,0,24,2024-02-08 20:26:58,-3.68529048,40.48468297,"(-3.68529048, 40.48468297)"
460,"Avenida Monasterio de Silos, 63A,",08,088,5,19,2113,0,"584 - Avenida Monasterio de Silos, 63A",0,584,0,24,2024-02-08 20:26:58,-3.69603345,40.50501029,"(-3.69603345, 40.50501029)"
461,"Calle Molins de Rey, 8,",08,086,7,17,2114,0,"585 - Molins de Rey, 8",0,585,0,24,2024-02-08 20:26:58,-3.69374813,40.4954662,"(-3.69374813, 40.4954662)"
462,"Calle Caldas de Estrach, 14,",08,086,9,14,2115,2,"586 - Caldas de Estrach, 14",0,586,0,23,2024-02-08 20:26:58,-3.6974725,40.4963916,"(-3.6974725, 40.4963916)"
463,"Calle de Mesena, 102,",16,165,8,16,2116,2,"534 - Calle de Mesena, 102",0,534,0,24,2024-02-08 20:26:58,-3.66340634,40.46772408,"(-3.66340634, 40.46772408)"
464,"Calle Delicias, 45,",02,026,1,18,2117,0,"273 - Calle Delicias, 45",0,273,0,19,2024-02-08 20:26:58,-3.69091831,40.40381914,"(-3.69091831, 40.40381914)"
465,"Calle Costa Brava, 16,",08,087,16,11,2118,2,"587 - Costa Brava, 16",0,587,0,27,2024-02-08 20:26:58,-3.70865744,40.49892399,"(-3.70865744, 40.49892399)"
466,"Av. del Campo de Calatrava, 17,",08,086,4,23,2119,0,"588 - Av. del Campo de Calatrava, 17",0,588,0,27,2024-02-08 20:26:58,-3.69112254,40.50052161,"(-3.69112254, 40.50052161)"
467,"Avenida Monasterio de Silos, 37,",08,088,12,12,2120,2,"589 - Avenida Monasterio de Silos, 37",0,589,0,24,2024-02-08 20:26:58,-3.70290315,40.50340494,"(-3.70290315, 40.50340494)"
468,"Calle de Ramon Power, 8,",16,163,21,6,2121,1,"535 - Calle de Ramon Power, 8",0,535,0,27,2024-02-08 20:26:58,-3.634999,40.463575,"(-3.634999, 40.463575)"
469,"Calle Cebreros, 97,",10,103,4,19,2122,0,"328 - Calle Cebreros, 97",0,328,0,23,2024-02-08 20:26:58,-3.7521917,40.4032379,"(-3.7521917, 40.4032379)"
470,"Calle Alhambra, 58,",10,103,17,6,2123,1,"329 - Calle Alhambra, 58",0,329,0,23,2024-02-08 20:26:58,-3.74445208,40.3988162,"(-3.74445208, 40.3988162)"
471,"Calle de la Duquesa de Parcent, 14,",10,104,7,16,2124,0,"330 - Calle de la Duquesa de Parcent, 14",0,330,0,23,2024-02-08 20:26:58,-3.7447281,40.39500224,"(-3.7447281, 40.39500224)"
472,"Calle Valmojado, 53,",10,104,21,3,2125,1,"331 - Calle Valmojado, 53",0,331,0,24,2024-02-08 20:26:58,-3.75757186,40.39649629,"(-3.75757186, 40.39649629)"
473,"Calle Los Yebenes, 159,",10,104,11,12,2126,2,"332 - Calle Los Yebenes, 159",0,332,0,23,2024-02-08 20:26:58,-3.75181704,40.39302789,"(-3.75181704, 40.39302789)"
474,"Avenida de Oporto, 102,",11,112,10,13,2127,2,"363 - Avenida de Oporto, 102",0,363,0,23,2024-02-08 20:26:58,-3.72987333,40.38745087,"(-3.72987333, 40.38745087)"
475,"Avenida de Oporto, 34,",11,112,19,4,2128,1,"364 - Avenida de Oporto, 34 ",0,364,0,23,2024-02-08 20:26:58,-3.72378064,40.38550735,"(-3.72378064, 40.38550735)"
476,"Calle del Boj, 5,",16,161,17,6,2129,1,"536 - Calle del Boj, 5",0,536,0,23,2024-02-08 20:26:58,-3.6180818,40.4560204,"(-3.6180818, 40.4560204)"
477,"Avenida de Machupichu, 23,",16,162,12,15,2130,2,"537 - Avenida de Machupichu, 23",0,537,0,27,2024-02-08 20:26:58,-3.62579439,40.45841466,"(-3.62579439, 40.45841466)"
478,"Calle de Haendel, 8,",16,163,4,23,2131,0,"538 - Calle de Haendel, 8",0,538,0,27,2024-02-08 20:26:58,-3.62532131,40.46275082,"(-3.62532131, 40.46275082)"
479,"Calle Illescas, 80,",10,104,16,7,2132,2,"333 - Calle Illescas, 80",0,333,0,23,2024-02-08 20:26:58,-3.7562323,40.392175,"(-3.7562323, 40.392175)"
480,"Av de la plaza de Toros , 3,",11,114,7,16,2133,0,"365 - Av de la plaza de Toros , 3",0,365,0,23,2024-02-08 20:26:58,-3.73725908,40.38537202,"(-3.73725908, 40.38537202)"
481,"Paseo de Marcelino Camacho, 53B,",11,114,2,21,2134,0,"366 - Paseo de Marcelino Camacho, 53B",0,366,0,23,2024-02-08 20:26:58,-3.744521,40.387737,"(-3.744521, 40.387737)"
482,"Avenida Alfonso XIII, 113,",05,054,11,12,2135,2,"291 - Avenida Alfonso XIII, 113",0,291,0,23,2024-02-08 20:26:58,-3.66790332,40.45866532,"(-3.66790332, 40.45866532)"
483,"Calle Pradillo, 33,",05,053,7,16,2136,0,"292 - Pradillo, 33",0,292,0,23,2024-02-08 20:26:58,-3.6717937,40.44904126,"(-3.6717937, 40.44904126)"
484,"Arturo Soria, 332,",15,159,16,7,2137,2,"494 - Arturo Soria, 332",0,494,0,23,2024-02-08 20:26:58,-3.666529,40.480694,"(-3.666529, 40.480694)"
485,"C Juan Ignacio Luca de Tena, 13,",20,208,10,17,2138,2,"516 - Juan Ignacio Luca de Tena, 13",0,516,0,27,2024-02-08 20:26:58,-3.63110255,40.44796778,"(-3.63110255, 40.44796778)"
486,"Eugenia de Montijo, 57,",11,115,5,10,2139,2,"368 - Eugenia de Montijo, 57",0,368,0,15,2024-02-08 20:26:58,-3.74706068,40.3791024,"(-3.74706068, 40.3791024)"
487,"Plaza de la Parroquia , 20,",11,115,13,10,2140,2,"369 - Plaza de la Parroquia , 20",0,369,0,23,2024-02-08 20:26:58,-3.7415832,40.3802446,"(-3.7415832, 40.3802446)"
488,"Calle de Avefria, 26,",11,115,4,19,2141,0,"370 - Calle de Avefria, 26",0,370,0,23,2024-02-08 20:26:58,-3.7308025,40.38386939,"(-3.7308025, 40.38386939)"
489,"Calle Maria de Maeztu, 50,",08,087,16,10,2142,2,"590 - María de Maeztu, 50",0,590,0,27,2024-02-08 20:26:58,-3.72757227,40.49093014,"(-3.72757227, 40.49093014)"
490,"Calle San Mariano, 58,",20,207,6,21,2143,0,"517 - Calle San Mariano, 58",0,517,0,27,2024-02-08 20:26:58,-3.61190481,40.44175279,"(-3.61190481, 40.44175279)"
491,"Calle de Tampico, 71,",20,208,3,20,2144,0,"518 - Calle de Tampico, 71",0,518,0,23,2024-02-08 20:26:58,-3.635345,40.444569,"(-3.635345, 40.444569)"
492,"Calle Joaquin Turina, 49,",11,116,20,7,2145,1,"371 - Calle Joaquin Turina, 49",0,371,0,27,2024-02-08 20:26:58,-3.76182,40.372458,"(-3.76182, 40.372458)"
493,"Calle Lonja de la Seda, 33,",11,116,9,14,2146,2,"372 - Calle Lonja de la Seda, 33",0,372,0,23,2024-02-08 20:26:58,-3.76158263,40.36612215,"(-3.76158263, 40.36612215)"
494,"Calle Salvador Allende, 26,",11,116,4,19,2147,0,"373 - Calle Salvador Allende, 26",0,373,0,23,2024-02-08 20:26:58,-3.75787005,40.36277848,"(-3.75787005, 40.36277848)"
495,"Calle del Dinero, 38,",11,116,12,15,2148,2,"374 - Calle del Dinero, 38",0,374,0,27,2024-02-08 20:26:58,-3.7501466,40.3625707,"(-3.7501466, 40.3625707)"
496,"Calle Calderilla, 4,",11,116,27,0,2149,1,"375 - Calle Calderilla, 4",0,375,0,27,2024-02-08 20:26:58,-3.7386603,40.3651497,"(-3.7386603, 40.3651497)"
497,"Av.Ventisquero de la Condesa, 39,",08,087,5,14,2150,0,"591 - Av.Ventisquero de la Condesa, 39",0,591,0,19,2024-02-08 20:26:58,-3.71622921,40.49108225,"(-3.71622921, 40.49108225)"
498,"Calle de Gloria Fuertes, 181,",08,087,2,25,2151,0,"592 - Calle de Gloria Fuertes, 181",0,592,0,27,2024-02-08 20:26:58,-3.7249527,40.4956969,"(-3.7249527, 40.4956969)"
499,"Calle del Pinzon, 1A,",11,114,1,23,2152,0,"376 - Calle del Pinzon, 1A",0,376,0,24,2024-02-08 20:26:58,-3.7405438,40.39229225,"(-3.7405438, 40.39229225)"
500,"Av Abrantes, 55,",11,117,17,1,2153,1,"377 - Av Abrantes, 55",0,377,0,18,2024-02-08 20:26:58,-3.72783615,40.38091762,"(-3.72783615, 40.38091762)"
501,"Calle de Mota del Cuervo, 70,",16,163,12,12,2154,2,"539 - Calle de Mota del Cuervo, 70",0,539,0,24,2024-02-08 20:26:58,-3.63135715,40.4648762,"(-3.63135715, 40.4648762)"
502,"Calle Seseña, 93,",10,104,10,14,2155,2,"334 - Seseña, 93",0,334,0,24,2024-02-08 20:26:58,-3.76815631,40.39497294,"(-3.76815631, 40.39497294)"
503,"Calle Cardaño, 10,",10,105,10,14,2156,2,"335 - Calle Cardaño, 10",0,335,0,24,2024-02-08 20:26:58,-3.77057541,40.39659757,"(-3.77057541, 40.39659757)"
504,"Calle Troya, 11,",20,207,9,15,2157,2,"519 - Calle Troya, 11",0,519,0,24,2024-02-08 20:26:58,-3.61191521,40.43699597,"(-3.61191521, 40.43699597)"
505,"Calle Eugenia de Montijo, 83,",11,116,11,13,2158,2,"378 - Eugenia de Montijo, 83",0,378,0,24,2024-02-08 20:26:58,-3.7509733,40.37562288,"(-3.7509733, 40.37562288)"
506,"Calle Antonia Rodriguez Sacristan, 4,",11,116,7,17,2159,0,"379 - Antonia Rodriguez Sacristan, 4",0,379,0,24,2024-02-08 20:26:58,-3.74765739,40.37313777,"(-3.74765739, 40.37313777)"
507,"Calle Caleruega, 18,",15,159,5,19,2160,0,"495 - Calle Caleruega, 18",0,495,0,24,2024-02-08 20:26:58,-3.670588,40.478746,"(-3.670588, 40.478746)"
508,"Calle Islas Cies, 27,",08,083,15,9,2161,2,"593 - Islas Cies, 27",0,593,0,24,2024-02-08 20:26:58,-3.71869067,40.48027409,"(-3.71869067, 40.48027409)"
509,"Calle Pedro Rico, 49,",08,085,3,21,2162,0,"594 - Calle Pedro Rico, 49",0,594,0,24,2024-02-08 20:26:58,-3.703918,40.48194,"(-3.703918, 40.48194)"
510,"Avenida de Betanzos, 68,",08,084,10,14,2163,2,"595 - Avenida de Betanzos, 68",0,595,0,24,2024-02-08 20:26:58,-3.7132206,40.48178815,"(-3.7132206, 40.48178815)"
511,"Calle Ramon Gomez de la Serna, 37,",08,083,8,16,2164,2,"596 - Ramon Gomez de la Serna, 37",0,596,0,24,2024-02-08 20:26:58,-3.72382554,40.48432751,"(-3.72382554, 40.48432751)"
512,"Calle de Dulce Chacon, sn,",16,166,8,16,2165,2,"540 - Calle de Dulce Chacon, sn",0,540,0,24,2024-02-08 20:26:58,-3.6636484,40.4845596,"(-3.6636484, 40.4845596)"
513,"Calle Oliva de Plasencia, 1,",10,107,19,5,2166,1,"336 - Calle Oliva de Plasencia, 1",0,336,0,24,2024-02-08 20:26:58,-3.77915183,40.37850071,"(-3.77915183, 40.37850071)"
514,"Calle Valmojado, 295,",10,104,1,17,2167,0,"337 - Calle Valmojado, 295",0,337,0,18,2024-02-08 20:26:58,-3.76048923,40.38614104,"(-3.76048923, 40.38614104)"
515,"Calle Guareña, 13,",10,107,12,6,2168,2,"338 - Calle Guareña, 13",0,338,0,18,2024-02-08 20:26:58,-3.7653391035306005,40.386362337060476,"(-3.7653391035306005, 40.386362337060476)"
516,"Avenida de las Aguilas , 110,",10,107,10,14,2169,2,"339 - Avenida de las Aguilas , 110",0,339,0,24,2024-02-08 20:26:58,-3.78061952,40.38132642,"(-3.78061952, 40.38132642)"
517,"Calle de la Foresta, 21,",08,086,10,13,2170,2,"597 - Calle de la Foresta, 8",0,597,0,23,2024-02-08 20:26:58,-3.66777681,40.49853277,"(-3.66777681, 40.49853277)"
518,"Calle de José Gutiérrez Maroto, 33,",18,183,13,14,2171,2,"445 - Calle de José Gutiérrez Maroto, 33",0,445,0,27,2024-02-08 20:26:58,-3.60503564,40.36334587,"(-3.60503564, 40.36334587)"
519,"Calle La Cabrera, sn,",08,083,7,20,2172,0,"599 - Calle La Cabrera, sn",0,599,0,27,2024-02-08 20:26:58,-3.71920443,40.47223267,"(-3.71920443, 40.47223267)"
520,"Calle Fuente de Lima, 10,",10,107,11,12,2173,2,"343 - Calle Fuente de Lima, 10",0,343,0,23,2024-02-08 20:26:58,-3.78339301,40.38358975,"(-3.78339301, 40.38358975)"
521,"Calle Ocaña, 103,",10,104,4,19,2174,0,"344 - Calle Ocaña, 103",0,344,0,23,2024-02-08 20:26:58,-3.75292035,40.38586273,"(-3.75292035, 40.38586273)"
522,"Paseo de Juan XXIII, 24,",09,093,13,14,2175,2,"313 - Paseo de Juan XXIII, 24",0,313,0,27,2024-02-08 20:26:58,-3.7169359,40.448084,"(-3.7169359, 40.448084)"
523,"Avenida de Valladolid, 47G, 47,",09,091,14,13,2176,2,"314 - Avenida de Valladolid, 47G",0,314,0,27,2024-02-08 20:26:58,-3.73068,40.42966,"(-3.73068, 40.42966)"
524,"Calle de Caroli, 1,",09,097,6,17,2177,0,"315 - Calle de Caroli, 1",0,315,0,23,2024-02-08 20:26:58,-3.784627,40.45862,"(-3.784627, 40.45862)"
525,"Calle Antonio Machado, sn,,",09,094,9,10,2178,2,"316 - Calle Antonio Machado, sn",0,316,0,19,2024-02-08 20:26:58,-3.71995383,40.46439687,"(-3.71995383, 40.46439687)"
526,"Calle Antonio Machado, 30,",09,094,13,14,2179,2,"317 - Calle Antonio Machado, 30",0,317,0,27,2024-02-08 20:26:58,-3.71921712,40.46826955,"(-3.71921712, 40.46826955)"
527,"Calle Fuente del Tiro, 27,",10,107,16,8,2180,2,"345 - Fuente del Tiro, 27",0,345,0,24,2024-02-08 20:26:58,-3.7798001,40.38308791,"(-3.7798001, 40.38308791)"
528,"Calle del Pico Chilegua, 3,",18,181,4,20,2182,0,"449 - Calle del Pico Chilegua, 3",0,449,0,24,2024-02-08 20:26:58,-3.61869106,40.37286701,"(-3.61869106, 40.37286701)"
529,"Calle Camino de las Hormigueras, 161,",18,181,22,2,2183,1,"450 - Calle Camino de las Hormigueras, 161",0,450,0,24,2024-02-08 20:26:58,-3.6370762,40.3762555,"(-3.6370762, 40.3762555)"
530,"Clara del Rey, 6,",05,052,5,19,2184,0,"294 - Clara del Rey, 6",0,294,0,24,2024-02-08 20:26:58,-3.672339,40.440944,"(-3.672339, 40.440944)"
531,"Avenida del Camino de Santiago, 4,",08,086,13,10,2185,2,"604 - Avenida del Camino de Santiago, 4",0,604,0,23,2024-02-08 20:26:58,-3.66955215,40.50910428,"(-3.66955215, 40.50910428)"
532,"Calle de Jose de Cadalso, 62,",10,107,22,5,2186,1,"348 - Calle de Jose de Cadalso, 62",0,348,0,27,2024-02-08 20:26:58,-3.77024778,40.37959145,"(-3.77024778, 40.37959145)"
533,"Calle Enrique Garcia Alvarez, 5,",18,182,17,10,2187,2,"438 - Calle Enrique Garcia Alvarez, 5",0,438,0,27,2024-02-08 20:26:58,-3.6140607,40.3804482,"(-3.6140607, 40.3804482)"
534,"Calle de La Granja de San Ildefonso, 14,",18,183,16,11,2188,2,"451 - Calle de La Granja de San Ildefonso, 14",0,451,0,27,2024-02-08 20:26:58,-3.62283116,40.36813427,"(-3.62283116, 40.36813427)"
535,"Avenida de Las Suertes, 15,",18,183,5,18,2189,0,"452 - Avenida de Las Suertes, 15",0,452,0,23,2024-02-08 20:26:58,-3.6078539,40.3713613,"(-3.6078539, 40.3713613)"
536,"Avenida del Ensanche de Vallecas, 9,",18,183,7,20,2190,0,"453 - Avenida del Ensanche de Vallecas, 9",0,453,0,27,2024-02-08 20:26:58,-3.61253028,40.37043968,"(-3.61253028, 40.37043968)"
537,"Calle Gran Via del Sureste, 22,",18,183,18,9,2191,2,"454 - Gran Via del Sureste, 22",0,454,0,27,2024-02-08 20:26:58,-3.5897045,40.3631604,"(-3.5897045, 40.3631604)"
538,"Paseo de la Chopera,33,Comunidad de Madrid España",02,023,11,12,2205,2,"267 - Paseo de la Chopera, 33",0,267,0,23,2024-02-08 20:26:58,-3.7003996647238746,40.39500000000003,"(-3.7003996647238746, 40.39500000000003)"
539,"Calle Rafaela Ybarra, 22,Comunidad de Madrid España",12,126,21,2,2207,1,"391 - Calle Rafaela Ybarra, 22",0,391,0,23,2024-02-08 20:26:58,-3.711296220901499,40.3817026328731,"(-3.711296220901499, 40.3817026328731)"
540,"c/ Ginzo de Limia, 47,",08,084,17,6,2214,1,"2200 - 580 - Ginzo de Limia, 47",0,2200,0,23,2024-02-08 20:26:58,-3.706904,40.48337,"(-3.706904, 40.48337)"
541,"Paseo de la Castellana nº 122,",05,051,9,14,2224,2,150 - Castellana frente a Hermanos Pinzón,0,150,0,23,2024-02-08 20:26:58,-3.6908,40.4491,"(-3.6908, 40.4491)"
542,"Paseo de la Castellana nº 164,Comunidad de Madrid España",05,055,4,19,2225,0,157 - Castellana 164.,0,157,0,23,2024-02-08 20:26:58,-3.6894151,40.4591366,"(-3.6894151, 40.4591366)"
543,"Guetaria , 84b,",12,121,17,7,2226,1,395b - 395 - Guetaria  84b,0,395b,0,24,2024-02-08 20:26:58,-3.71569102,40.36916772,"(-3.71569102, 40.36916772)"
544,"548 - Eduardo Mazón 1,",16,161,15,8,2233,2,548 - Eduardo Mazón 1,0,548,0,23,2024-02-08 20:26:58,-3.6154157,40.4521484,"(-3.6154157, 40.4521484)"
545,"Santa Rita 1,",05,052,3,20,2234,0,293 - Santa Rita 1,0,293,0,23,2024-02-08 20:26:58,-3.6682882,40.4457928,"(-3.6682882, 40.4457928)"
546,"Avenida de NIza 67,",20,205,12,11,2235,2,520. - 520 - Avenida de NIza 67,0,520.,0,23,2024-02-08 20:26:58,-3.60811578,40.4342806,"(-3.60811578, 40.4342806)"
547,"Amposta s/n (esquina Arcos de Jalón),",20,204,8,15,2236,2,509. - 509 - Amposta s/n (esquina Arcos de Jalón),0,509.,0,23,2024-02-08 20:26:58,-3.61865045,40.42218951,"(-3.61865045, 40.42218951)"
548,"Bahía de Cádiz, 2,",21,215,5,18,2237,0,"558 - Bahía de Cádiz, 2",0,558,0,23,2024-02-08 20:26:58,-3.593712,40.461137,"(-3.593712, 40.461137)"
549,"Cristo del Gran Poder, 27,",21,214,14,9,2238,2,"561 - Cristo del Gran Poder, 27",0,561,0,23,2024-02-08 20:26:58,-3.585751,40.472048,"(-3.585751, 40.472048)"
550,"Calle Tomillar, 40,",21,211,15,12,2239,2,"562 - Tomillar, 40",0,562,0,27,2024-02-08 20:26:58,-3.5844146,40.4630993,"(-3.5844146, 40.4630993)"
551,"560 - Playa de Zarauz, 16,",21,214,5,18,2240,0,"560 - Playa de Zarauz, 16",0,560,0,23,2024-02-08 20:26:58,-3.5906847,40.4731404,"(-3.5906847, 40.4731404)"
552,"5568 - Avda. del Partenón, 6,",21,215,4,23,2241,0,"568 - Avda. del Partenón, 6",0,568,0,27,2024-02-08 20:26:58,-3.6178336,40.4632802,"(-3.6178336, 40.4632802)"
553,"Paseo Alberto Palacios, 42,",17,171,14,9,2243,2,"405 - Alberto Palacios, 42",0,405,0,23,2024-02-08 20:26:58,-3.7129039644180373,40.3449259916087,"(-3.7129039644180373, 40.3449259916087)"
554,"Calle de Eduardo Maristany, 7,",17,173,8,19,2244,0,"401 - Eduardo Maristany, 7",0,401,0,27,2024-02-08 20:26:58,-3.683127,40.353285,"(-3.683127, 40.353285)"
555,"Calle Cifuentes, 5,",17,175,23,0,2245,1,"406 - Calle Cifuentes, 5",0,406,0,23,2024-02-08 20:26:58,-3.6960817,40.3486,"(-3.6960817, 40.3486)"
556,"Calle de Auñón, 16,",17,173,14,9,2246,2,"403 - Auñón, 16",0,403,0,23,2024-02-08 20:26:58,-3.6775242,40.3504944,"(-3.6775242, 40.3504944)"
557,"PASEO DE LOS MELANCÓLICOS 73,",02,021,13,10,2247,2,280 - PASEO DE LOS MELANCÓLICOS 73,0,280,0,23,2024-02-08 20:26:58,-3.718569,40.401782,"(-3.718569, 40.401782)"
558,"Calle Albox 33,",11,115,5,18,2248,0,367-2 - 367 - Albox 33,0,367-2,0,23,2024-02-08 20:26:58,-3.73984,40.373972,"(-3.73984, 40.373972)"
559,"Paseo de los Jesuitas 4,",10,102,11,12,2249,2,325b - 325 - Paseo de los Jesuitas 4,0,325b,0,23,2024-02-08 20:26:58,-3.7305543,40.4106918,"(-3.7305543, 40.4106918)"
560,"Calle Sierra de Atapuerca, 19,",08,086,11,12,2250,2,"578 - Sierra de Atapuerca, 19",0,578,0,23,2024-02-08 20:26:58,-3.67042488,40.50292982,"(-3.67042488, 40.50292982)"
561,"Calle Puerto de Porzuna, 34,",18,181,21,2,2251,1,"446 - Puerto de Porzuna 34, ",0,446,0,23,2024-02-08 20:26:58,-3.6236297,40.373826,"(-3.6236297, 40.373826)"
562,"Parque Eugenia de Montijo, 2,",11,114,12,12,2252,2,"382-2 - 382 -Parque Eugenia de Montijo, 2",0,382-2,0,24,2024-02-08 20:26:58,-3.7545822,40.3783501,"(-3.7545822, 40.3783501)"
563,"Transversal Sexta, 17,",17,171,2,22,2254,0,"410 - Transversal Sexta ,17",0,410,0,24,2024-02-08 20:26:58,-3.6992665,40.3325463,"(-3.6992665, 40.3325463)"
564,"579 - Maria Tubau,",08,086,6,18,2256,0,579 - Maria Tubau,0,579,0,24,2024-02-08 20:26:58,-3.6717035870335635,40.51399230680476,"(-3.6717035870335635, 40.51399230680476)"
565,"602 - Calle del Monasterio de Sobrado, 6,",08,088,15,9,2257,2,"602 - Calle del Monasterio de Sobrado, 6",0,602,0,24,2024-02-08 20:26:58,-3.692837,40.5093225,"(-3.692837, 40.5093225)"
566,"Calle de Úbeda,  27,",08,083,11,13,2258,2,"600 - Ubeda,  27",0,600,0,24,2024-02-08 20:26:58,-3.7149566,40.4825507,"(-3.7149566, 40.4825507)"
567,"566 - Avenida de Logroño, 315,",21,214,5,19,2259,0,"566 - Avenida de Logroño, 315",0,566,0,24,2024-02-08 20:26:58,-3.5815033,40.4703472,"(-3.5815033, 40.4703472)"
568,"565- Playa de Riazor, 66,",21,214,7,17,2260,0,"565 - Playa de Riazor, 66",0,565,0,24,2024-02-08 20:26:58,-3.5838869,40.47563573,"(-3.5838869, 40.47563573)"
569,"467 -  Calle Villardondiego frente,  32,",19,191,10,14,2261,2,467 -  Calle Villardondiego  32,0,467,0,24,2024-02-08 20:26:58,-3.6084888,40.4062361,"(-3.6084888, 40.4062361)"
570,"469 - Ladera de los Almendros, 6,",19,192,19,5,2262,1,"469 - Ladera de los Almendros, 6",0,469,0,24,2024-02-08 20:26:58,-3.62299,40.40343,"(-3.62299, 40.40343)"
571,"470 - Avenida Real, 3,",19,191,15,3,2263,1,"470 - Avenida Real, 3",0,470,0,18,2024-02-08 20:26:58,-3.6063672,40.4021519,"(-3.6063672, 40.4021519)"
572,"471 - Calle Molino Viejo frente , 14,",19,193,3,15,2264,0,"471 - Molino Viejo frente , 14",0,471,0,18,2024-02-08 20:26:58,-3.60666,40.396301,"(-3.60666, 40.396301)"
573,"271 - Calle Amaltea , 1,",02,025,2,22,2265,0,"271 - Calle Amaltea , 1",0,271,0,24,2024-02-08 20:26:58,-3.68317,40.394706,"(-3.68317, 40.394706)"
574,"Calle Villablanca 7,",19,191,13,10,2266,2,466  - Villablanca  7,0,466,0,23,2024-02-08 20:26:58,-3.60783265,40.40894698,"(-3.60783265, 40.40894698)"
575,"Paseo de Juan Antonio Vallejo Nájera Botas, 28,",02,022,17,6,2267,1,"275 - Juan Antonio Vallejo Nájera Botas, 25",0,275,0,23,2024-02-08 20:26:58,-3.7082123,40.4020545,"(-3.7082123, 40.4020545)"
576," Avenida de la Aurora Boreal, 19,",19,193,20,3,2268,1,"475 - Aurora Boreal, 19",0,475,0,23,2024-02-08 20:26:58,-3.603668,40.399236,"(-3.603668, 40.399236)"
577,"Calle Méndez Alvaro, 44,",02,027,15,8,2269,2,"274  - Méndez Alvaro, 73",0,274,0,23,2024-02-08 20:26:58,-3.68134346,40.39675755,"(-3.68134346, 40.39675755)"
578,"605 - Calle Nuria 26,",08,087,9,15,2270,2,605 - Calle Nuria 26,0,605,0,24,2024-02-08 20:26:58,-3.704883,40.491644,"(-3.704883, 40.491644)"
579,"Avenida Arcentales S/N,",20,205,12,12,2271,2,522 - Avenida Arcentales S/N,0,522,0,24,2024-02-08 20:26:58,-3.60097542,40.43333298,"(-3.60097542, 40.43333298)"
580,"calle Paseo Ginebra,",20,205,7,17,2272,0,521 - Paseo Ginebra,0,521,0,24,2024-02-08 20:26:58,-3.6048181,40.423893,"(-3.6048181, 40.423893)"
581,"Parador de Santa Lucía, 8,",20,207,15,9,2273,2,"508. - 508 - Parador de Santa Lucía, 8",0,508.,0,24,2024-02-08 20:26:58,-3.609553,40.449095,"(-3.609553, 40.449095)"
582,"Avd. Ciudad de Barcelona, 2,",03,035,15,8,2274,2,"80-A - 80A - Avd. Ciudad de Barcelona, 2",0,80-A,0,23,2024-02-08 20:26:58,-3.690538,40.407573,"(-3.690538, 40.407573)"
583,"Avd ciudad de Barcelona , 2,",03,035,19,8,2275,1,"80-B - 80B - Avd ciudad de Barcelona ,2",0,80-B,0,27,2024-02-08 20:26:58,-3.6904748,40.4075211,"(-3.6904748, 40.4075211)"
584,"Adolfo Bioy Casares, 9,",18,183,17,10,2276,2,"447 - Calle de Adolfo Bioy Casares, 9",0,447,0,27,2024-02-08 20:26:58,-3.5981935,40.3668504,"(-3.5981935, 40.3668504)"
585,"Calle San Jenaro, 1,",17,171,8,16,2278,2,"412 - San Jenaro, 1",0,412,0,24,2024-02-08 20:26:58,-3.7043083,40.3500291,"(-3.7043083, 40.3500291)"
586,"Calle  Diamante, 10,",17,174,12,12,2279,2,"415 - Diamante, 10",0,415,0,24,2024-02-08 20:26:58,-3.6877534,40.3532609,"(-3.6877534, 40.3532609)"
587,"Calle Doctor Martín Arévalo, 19,",17,171,11,13,2280,2,"413 - Doctor Martín Arévalo, 19",0,413,0,24,2024-02-08 20:26:58,-3.707413,40.345928,"(-3.707413, 40.345928)"
588,"Calle Zapatoca, 8,",16,164,14,9,2281,2,"545 - Zapatoca, 8",0,545,0,23,2024-02-08 20:26:58,-3.63335803,40.47285235,"(-3.63335803, 40.47285235)"
589,"Plaza Mayor de Barajas, 24,",21,213,20,4,2282,1,"567 - Plaza Mayor de Barajas, 24",0,567,0,24,2024-02-08 20:26:58,-3.5776537,40.4733252,"(-3.5776537, 40.4733252)"
590,"Calle Soto Hidalgo, 2,",21,211,10,17,2283,2,"563 - Soto Hidalgo, 2",0,563,0,27,2024-02-08 20:26:58,-3.5820745,40.4606465,"(-3.5820745, 40.4606465)"
591,"Paseo Reina Cristina,6,",03,031,20,3,2285,1,"281 - Paseo Reina Cristina,6",0,281,0,23,2024-02-08 20:26:58,-3.6831862,40.4067247,"(-3.6831862, 40.4067247)"
592,"Ronda de la comunicacion,",08,086,11,12,2286,2,609 - Ronda de la comunicacion,0,609,0,23,2024-02-08 20:26:58,-3.6626887,40.5157202,"(-3.6626887, 40.5157202)"
593,"calle Moncada 102,",17,172,16,7,2287,2,408 - Moncada 102,0,408,0,23,2024-02-08 20:26:58,-3.692444,40.341725,"(-3.692444, 40.341725)"
594,"Calle Eduardo Barreiros 114,",17,175,20,3,2288,1,409 - Calle Eduardo Barreiros 114,0,409,0,23,2024-02-08 20:26:58,-3.7046436,40.3553495,"(-3.7046436, 40.3553495)"
595,"Calle Fermín Caballero 2,",08,085,13,10,2289,2,606 - Calle Fermín Caballero 2,0,606,0,23,2024-02-08 20:26:58,-3.698485,40.487363,"(-3.698485, 40.487363)"
596,"calle de la huerta de castañeda 26,",10,103,24,0,2290,1,349 - Huerta de Castañeda 26,0,349,0,24,2024-02-08 20:26:58,-3.74201882097404,40.40622095698234,"(-3.74201882097404, 40.40622095698234)"
597,"calle Gregorio Sánchez Herráez 14,",16,166,5,18,2291,0,544 - Gregorio Sánchez Herráez 14,0,544,0,23,2024-02-08 20:26:58,-3.63657,40.477248,"(-3.63657, 40.477248)"
598,"Calle Oña s/n,",16,166,3,20,2292,0,551 - Calle Oña s/n,0,551,0,23,2024-02-08 20:26:58,-3.6658565,40.4891872,"(-3.6658565, 40.4891872)"
599,"calle Ana de Austria s/n,",16,166,0,27,2293,0,552 - calle Ana de Austria s/n,0,552,0,27,2024-02-08 20:26:58,-3.6531502,40.4994394,"(-3.6531502, 40.4994394)"
600,"Avd Fuerzas Armadas (Cercanias Valdebebas),",21,214,8,16,2294,2,542 - Av. Fuerzas Armadas (Cer. Valdebebas),0,542,0,24,2024-02-08 20:26:58,-3.6157178,40.4819961,"(-3.6157178, 40.4819961)"
601,"Paseo de Puerta del Angel, 10 ( metro Lago),",09,091,13,6,2297,2,"320 - Paseo de Puerta del Angel, 10 (M. Lago)",0,320,0,19,2024-02-08 20:26:58,-3.7345247,40.4167792,"(-3.7345247, 40.4167792)"
602,"Calle Estella, 21,",08,086,12,11,2298,2,"608 - Calle Estella, 21",0,608,0,23,2024-02-08 20:26:58,-3.6743568,40.4968198,"(-3.6743568, 40.4968198)"
603,"Paseo de los Pontones, 45,",02,021,22,1,2299,1,"278 - Paseo de los Pontones, 45",0,278,0,23,2024-02-08 20:26:58,-3.7196,40.4040433,"(-3.7196, 40.4040433)"
604,"Calle Luis de Salazar, 11,",05,052,3,20,2300,0,"289 - Calle Luis de Salazar, 11",0,289,0,23,2024-02-08 20:26:58,-3.6649258,40.4474166,"(-3.6649258, 40.4474166)"
605,"Rafaela Aparicio, 10,",16,166,17,10,2301,2,"547 - Rafaela Aparicio, 10",0,547,0,27,2024-02-08 20:26:58,-3.6312179,40.4792396,"(-3.6312179, 40.4792396)"
606,"Calle Berrocal, 9,",17,173,8,19,2302,0,"402 - Calle Berrocal, 9",0,402,0,27,2024-02-08 20:26:58,-3.67615,40.344115,"(-3.67615, 40.344115)"
607,"Tomas Redondo, 7,",16,166,8,15,2303,2,"543 - Tomas Redondo, 7",0,543,0,23,2024-02-08 20:26:58,-3.62913802,40.47178414,"(-3.62913802, 40.47178414)"
608,"Paseo virgen de puerto, 25,",02,021,5,10,2304,2,"277 - Paseo Virgen del Puerto, 25",0,277,0,15,2024-02-08 20:26:58,-3.721178,40.411622,"(-3.721178, 40.411622)"
609,"Calle del tejo,",02,027,11,12,2305,2,272 - Calle del tejo,0,272,0,23,2024-02-08 20:26:58,-3.679186,40.39663,"(-3.679186, 40.39663)"
610,"Menéndez Pelayo, entrada Florida Park,",03,035,15,8,2306,2,"282 - Menéndez Pelayo, entrada Florida Park",0,282,0,23,2024-02-08 20:26:58,-3.6787796,40.4181327,"(-3.6787796, 40.4181327)"
611,"Calle Mayor , 6,",01,016,2,21,2307,0,"1b - Calle Mayor, 6",0,1,0,23,2024-02-08 20:26:58,-3.7054098,40.416465,"(-3.7054098, 40.416465)"
